   att_lstm_num     att_lstm_seq_len    lstm_seq_len   flow_gate_len   neighbor_size start_time   end_time                 time     rmse     mape
              3                    5               7               2               1 2016040718 2016040718       05-07 17:03:46    18.29     6.11
              3                    3               7               2               2 2016040718 2016040718       05-07 06:41:19    19.41    14.07
              3                    7               7               2               2 2016040718 2016040718       05-03 16:30:53    19.68    13.55
              3                    5               7               2               2 2016040718 2016040718       05-07 18:22:38    20.08    13.22
              3                    7               7               2               1 2016040718 2016040718       05-03 15:04:01    20.38     6.44
              3                    5               7               2               3 2016040718 2016040718       05-07 19:43:29    21.44    13.10
              3                    7               7               2               3 2016040718 2016040718       05-02 16:55:11    22.85    12.17
              3                    3               7               2               3 2016040718 2016040718       05-07 07:58:31    23.51    13.15
              3                    3               7               2               1 2016040718 2016040718       05-12 12:11:33    18.23     6.87
              3                    3               7               2               1 2016040718 2016040718       06-03 19:48:59    17.13     0.02
