region_len    seq_len   neighbor_size start_time   end_time                 time     rmse     mape
       100        100               2 2016040718 2016040948       04-23 20:23:26    27.08    29.73
        50         10               2 2016040718 2016040948       04-23 20:31:33    29.61    33.54
        50         40               2 2016040718 2016040948       04-23 20:32:01    29.84    33.01
        50         70               2 2016040718 2016040948       04-23 20:32:41    29.26    32.64
        50        100               2 2016040718 2016040948       04-23 20:33:27    29.16    32.35
        50        130               2 2016040718 2016040948       04-23 20:34:09    29.20    32.46
       100         10               2 2016040718 2016040948       04-23 20:35:07    28.10    31.14
       100         40               2 2016040718 2016040948       04-23 20:36:03    27.63    30.26
       100         70               2 2016040718 2016040948       04-23 20:37:21    27.47    30.22
       100        130               2 2016040718 2016040948       04-23 20:38:34    27.24    29.94
       150         10               2 2016040718 2016040948       04-23 20:39:53    28.04    30.64
       150         40               2 2016040718 2016040948       04-23 20:41:11    27.17    29.67
       150         70               2 2016040718 2016040948       04-23 20:43:15    26.79    29.28
       150        100               2 2016040718 2016040948       04-23 20:45:12    26.55    29.00
       150        130               2 2016040718 2016040948       04-23 20:47:12    26.67    29.19
       200         10               2 2016040718 2016040948       04-23 20:48:53    26.66    28.81
       200         40               2 2016040718 2016040948       04-23 20:50:36    26.50    28.41
       200         70               2 2016040718 2016040948       04-23 20:53:19    25.67    27.51
       200        100               2 2016040718 2016040948       04-23 20:56:01    25.73    27.63
       200        130               2 2016040718 2016040948       04-23 20:58:49    25.82    27.72
       200         70               2 2016040718 2016040948       06-03 19:43:43    25.67    17.24
