 len_local   neighbor_size   cnn       lr    BN start_time   end_time                 time     rmse     mape
         6               1     1   0.0001  True 2016040718 2016040718       04-23 21:23:05    18.83     5.84
         2               1     1   0.0001  True 2016040718 2016040718       04-23 20:48:09    18.89     5.80
         4               1     1   0.0001  True 2016040718 2016040718       04-23 21:11:38    18.95    12.06
         1               1     1   0.0001  True 2016040718 2016040718       04-23 20:39:51    19.12     7.10
         5               2     1   0.0001  True 2016040718 2016040718       04-23 21:19:11    19.66    14.06
         3               1     1   0.0001  True 2016040718 2016040718       04-23 21:00:28    20.04     6.50
         2               2     1   0.0001  True 2016040718 2016040718       04-23 20:52:31    20.29    10.72
         7               2     1   0.0001  True 2016040718 2016040718       04-23 21:32:29    20.86     8.91
         3               2     1   0.0001  True 2016040718 2016040718       04-23 21:04:43    20.87    15.69
         4               3     1   0.0001  True 2016040718 2016040718       04-23 21:15:13    21.17    13.24
         5               3     1   0.0001  True 2016040718 2016040718       04-23 21:20:57    21.35    13.90
         6               2     1   0.0001  True 2016040718 2016040718       04-23 21:24:57    21.46    11.32
         4               2     1   0.0001  True 2016040718 2016040718       04-23 21:14:11    21.47    13.16
         7               1     1   0.0001  True 2016040718 2016040718       04-23 21:29:05    21.59     8.53
         5               1     1   0.0001  True 2016040718 2016040718       04-23 21:17:26    21.86     9.01
         1               2     1   0.0001  True 2016040718 2016040718       04-23 20:42:34    21.89    14.53
         6               3     1   0.0001  True 2016040718 2016040718       04-23 21:27:05    22.23    20.55
         2               3     1   0.0001  True 2016040718 2016040718       04-23 20:56:16    22.29    15.93
         1               3     1   0.0001  True 2016040718 2016040718       04-23 20:45:28    22.32    16.88
         3               3     1   0.0001  True 2016040718 2016040718       04-23 21:07:51    22.82    15.47
         7               3     1   0.0001  True 2016040718 2016040718       04-23 21:34:52    25.15    16.26
         4               2     6   0.0001  True 2016040718 2016040718       06-03 18:56:45    20.30   151.47
         6               1     6   0.0001  True 2016040718 2016040718       06-03 18:58:38    19.05     5.61
         6               1     6   0.0001  True 2016040718 2016040718       06-03 19:00:13    19.40     5.87
         6               1     6   0.0001  True 2016040718 2016040718       06-03 19:02:38    19.01     6.41
         6               1     6   0.0001  True 2016040718 2016040718       06-03 19:04:18    17.67     5.37
         6               1     6   0.0001  True 2016040718 2016040718       06-03 19:07:21    18.11     0.03
         6               1     6   0.0001  True 2016040718 2016040718       06-03 19:10:53    18.06     0.03
