 len_local   neighbor_size  stack_convlstm       lr start_time   end_time                 time     rmse     mape
         6               1               1   0.0001 2016040718 2016040718       04-24 00:44:06    19.51     5.80
         2               1               1   0.0001 2016040718 2016040718       04-23 21:31:45    19.61     5.76
         4               1               1   0.0001 2016040718 2016040718       04-23 22:32:58    19.68    14.63
         3               1               1   0.0001 2016040718 2016040718       04-23 21:59:55    19.73     5.54
         7               1               1   0.0001 2016040718 2016040718       04-24 02:48:53    19.83     5.98
         1               1               1   0.0001 2016040718 2016040718       04-23 21:00:34    19.85     8.53
         5               1               1   0.0001 2016040718 2016040718       04-23 23:35:16    20.40     6.81
         1               2               1   0.0001 2016040718 2016040718       04-23 21:10:20    20.90    12.38
         2               2               1   0.0001 2016040718 2016040718       04-23 21:41:12    21.22     9.86
         7               2               1   0.0001 2016040718 2016040718       04-24 03:18:44    21.24     7.91
         3               2               1   0.0001 2016040718 2016040718       04-23 22:13:55    21.45    15.28
         6               2               1   0.0001 2016040718 2016040718       04-24 01:26:52    21.45    11.78
         3               3               1   0.0001 2016040718 2016040718       04-23 22:23:25    21.77    10.28
         2               3               1   0.0001 2016040718 2016040718       04-23 21:53:17    21.85    16.65
         6               3               1   0.0001 2016040718 2016040718       04-24 02:11:57    22.00    19.07
         1               3               1   0.0001 2016040718 2016040718       04-23 21:21:08    22.13    11.03
         5               3               1   0.0001 2016040718 2016040718       04-24 00:10:47    23.19    11.78
         7               3               1   0.0001 2016040718 2016040718       04-24 03:45:25    23.59    14.41
         4               3               1   0.0001 2016040718 2016040718       04-23 23:11:33    24.42    16.25
         4               2               1   0.0001 2016040718 2016040718       04-23 22:45:32    25.10    12.61
         5               2               1   0.0001 2016040718 2016040718       04-23 23:49:43    25.32    16.40
         6               1               1   0.0001 2016040718 2016040718       06-03 19:49:29    18.78     0.03
