 len_local   neighbor_size start_time   end_time                 time     rmse     mape
         1               1 2016040718 2016040718       05-06 16:32:13    17.79     7.19
         1               2 2016040718 2016040718       05-06 16:32:21    18.49    12.97
         1               3 2016040718 2016040718       05-06 16:32:29    20.37    11.07
         2               1 2016040718 2016040718       05-06 16:32:38    17.68     5.42
         2               2 2016040718 2016040718       05-06 16:32:47    20.05    10.54
         2               3 2016040718 2016040718       05-06 16:32:59    21.74    15.75
         3               1 2016040718 2016040718       05-06 16:33:11    19.41     5.76
         3               2 2016040718 2016040718       05-06 16:33:22    22.52    20.58
         3               3 2016040718 2016040718       05-06 16:33:33    23.61    11.80
         4               1 2016040718 2016040718       05-06 16:33:43    21.98     8.24
         4               2 2016040718 2016040718       05-06 16:33:54    25.94    18.73
         4               3 2016040718 2016040718       05-06 16:34:04    26.95    16.00
         5               1 2016040718 2016040718       05-06 16:34:14    23.72     8.58
         5               2 2016040718 2016040718       05-06 16:34:24    27.47    13.71
         5               3 2016040718 2016040718       05-06 16:34:36    29.83    11.93
         6               1 2016040718 2016040718       05-06 16:34:47    25.76     7.92
         6               2 2016040718 2016040718       05-06 16:34:57    29.25    13.03
         6               3 2016040718 2016040718       05-06 16:35:09    32.19    23.08
         7               1 2016040718 2016040718       05-06 16:35:19    30.01    10.54
         7               2 2016040718 2016040718       05-06 16:35:29    32.11    14.66
         7               3 2016040718 2016040718       05-06 16:35:41    35.63    20.97
         2               1 2016040718 2016040718       06-03 19:13:16    17.68     0.02
         7               3 2016040718 2016040718       06-03 19:15:07    35.63     0.05
