len_recent  len_daily   len_week   neighbor_size  num_tcn  nb_stacks    num_cnn         lr       BN start_time   end_time                 time     rmse     mape
         4          4          4               2        2          2          6     0.0005     True 2016040739 2016040739       05-13 11:44:23    25.71     6.14
         4          4          4               2        2          2          6     0.0001     True 2016040739 2016040739       05-13 11:54:26    21.89     5.29
         4          4          4               2        2          2          6    0.00005     True 2016040739 2016040739       05-13 12:02:43    22.01     5.25
         3          4          4               2        2          2          6     0.0005     True 2016040739 2016040739       05-13 14:26:53    25.42     8.29
         3          4          4               2        2          2          6     0.0001     True 2016040739 2016040739       05-13 14:41:59    21.87     7.24
         3          4          4               2        2          2          6      5e-05     True 2016040739 2016040739       05-13 15:12:18    20.48     6.57
         5          4          4               2        2          2          6     0.0005     True 2016040739 2016040739       05-13 15:36:04    24.92     6.50
         5          4          4               2        2          2          6     0.0001     True 2016040739 2016040739       05-13 15:54:54    20.78     5.85
         5          4          4               2        2          2          6      5e-05     True 2016040739 2016040739       05-13 16:11:25    20.71     5.88
         3          4          4               2        2          2          6      5e-05     True 2016040739 2016040739       05-13 18:11:32    20.45     6.56
         3          4          4               2        2          2          6      1e-05     True 2016040739 2016040739       05-13 18:20:10    20.23     6.45
         4          4          4               2        2          2          6      1e-05     True 2016040739 2016040739       05-13 20:25:30    36.83     8.80
         5          4          4               2        2          2          6      5e-05     True 2016040739 2016040739       05-13 20:34:18    20.92     5.93
         5          4          4               2        2          2          6      1e-05     True 2016040739 2016040739       05-13 20:45:45    20.18     5.78
