      len_close            len_trend      len_period   neighbor_size             res         lr start_time   end_time                 time     rmse     mape
              3                    1               2               1              12     0.0001 2016040718 2016040718       05-06 03:45:49    18.91     6.37
              3                    2               2               1              12     0.0001 2016040718 2016040718       05-06 08:12:24    19.68     7.83
              3                    3               3               2              12     0.0001 2016040718 2016040718       05-06 13:33:01    19.89    14.58
              3                    3               1               1              12     0.0001 2016040718 2016040718       05-06 10:24:04    20.21     9.33
              3                    3               2               2              12     0.0001 2016040718 2016040718       05-06 12:13:39    20.79    15.38
              3                    3               3               1              12     0.0001 2016040718 2016040718       05-06 12:55:45    20.84     8.69
              3                    1               2               2              12     0.0001 2016040718 2016040718       05-06 04:31:16    20.98    12.87
              3                    2               1               1              12     0.0001 2016040718 2016040718       05-06 06:43:52    21.19     7.55
              3                    2               1               2              12     0.0001 2016040718 2016040718       05-06 07:09:13    21.62    14.68
              3                    2               3               1              12     0.0001 2016040718 2016040718       05-06 09:06:32    21.64     8.73
              3                    3               1               3              12     0.0001 2016040718 2016040718       05-06 11:21:52    21.68    13.73
              3                    2               3               3              12     0.0001 2016040718 2016040718       05-06 10:02:24    21.82    12.29
              3                    3               2               1              12     0.0001 2016040718 2016040718       05-06 11:38:37    21.83     8.66
              3                    1               2               3              12     0.0001 2016040718 2016040718       05-06 05:13:04    21.95    13.43
              3                    1               3               2              12     0.0001 2016040718 2016040718       05-06 05:46:47    21.98    15.09
              3                    2               1               3              12     0.0001 2016040718 2016040718       05-06 07:37:10    22.36    13.96
              3                    1               3               3              12     0.0001 2016040718 2016040718       05-06 06:24:38    22.46    12.21
              3                    1               1               2              12     0.0001 2016040718 2016040718       05-06 02:44:54    22.50    14.55
              3                    1               1               3              12     0.0001 2016040718 2016040718       05-06 03:18:26    22.68    13.96
              3                    2               3               2              12     0.0001 2016040718 2016040718       05-06 09:28:39    22.70    13.98
              3                    2               2               3              12     0.0001 2016040718 2016040718       05-06 08:54:22    23.05    14.28
              3                    3               2               3              12     0.0001 2016040718 2016040718       05-06 12:38:29    23.05    13.65
              3                    3               3               3              12     0.0001 2016040718 2016040718       05-06 14:02:40    24.09    14.18
              3                    3               1               2              12     0.0001 2016040718 2016040718       05-06 10:44:30    24.22    16.04
              3                    1               1               1              12     0.0001 2016040718 2016040718       05-06 01:58:23    24.33     9.81
              3                    2               2               2              12     0.0001 2016040718 2016040718       05-06 08:29:26    25.32    14.92
              3                    1               3               1              12     0.0001 2016040718 2016040718       05-06 05:23:28    25.97     8.12
              3                    1               2               1              12     0.0001 2016040718 2016040718       06-03 20:15:34    19.92     0.03
              3                    1               2               1              12     0.0001 2016040718 2016040718       06-03 20:30:17    17.12     0.02
