len_global  len_local   neighbor_size   res   cnn   tcn  nb_stacks       lr    BN start_time   end_time                 time     rmse     mape
         2          2               1    12     6     2          2   0.0001  True 2016040713 2016040713       05-04 17:18:15    22.30    10.08
         2          2               1    12     6     3          2   0.0001  True 2016040713 2016040713       05-04 17:37:21    47.38    17.13
         2          2               1    12     6     4          2   0.0001  True 2016040713 2016040713       05-04 18:43:31    19.88    17.15
         2          2               2    12     6     2          2   0.0001  True 2016040713 2016040713       05-04 19:41:12    22.99    10.10
         2          2               2    12     6     3          2   0.0001  True 2016040713 2016040713       05-04 20:39:57    22.78     7.93
         2          2               2    12     6     4          2   0.0001  True 2016040713 2016040713       05-04 21:31:31    23.78    14.55
         2          2               3    12     6     2          2   0.0001  True 2016040713 2016040713       05-04 22:13:22    23.55     8.79
         2          2               3    12     6     3          2   0.0001  True 2016040713 2016040713       05-04 23:02:43    23.97     8.60
         2          2               3    12     6     4          2   0.0001  True 2016040713 2016040713       05-05 00:01:47    25.53    10.15
         2          4               1    12     6     2          2   0.0001  True 2016040713 2016040713       05-05 00:21:39    25.97    14.21
         2          4               1    12     6     3          2   0.0001  True 2016040713 2016040713       05-05 01:07:40    23.32    23.68
         2          4               1    12     6     4          2   0.0001  True 2016040713 2016040713       05-05 01:41:15    31.12    41.18
         2          4               2    12     6     2          2   0.0001  True 2016040713 2016040713       05-05 02:59:17    20.52     8.82
         2          4               2    12     6     3          2   0.0001  True 2016040713 2016040713       05-05 03:43:05    26.85    12.88
         2          4               2    12     6     4          2   0.0001  True 2016040713 2016040713       05-05 04:10:21    29.62    11.48
         2          4               3    12     6     2          2   0.0001  True 2016040713 2016040713       05-05 05:01:06    21.25    14.34
         2          4               3    12     6     3          2   0.0001  True 2016040713 2016040713       05-05 05:30:26    26.85    15.91
         2          4               3    12     6     4          2   0.0001  True 2016040713 2016040713       05-05 06:04:35    35.75    25.63
         2          6               1    12     6     2          2   0.0001  True 2016040713 2016040713       05-05 06:36:15    20.46     7.63
         2          6               1    12     6     3          2   0.0001  True 2016040713 2016040713       05-05 07:23:46    19.53     7.58
         2          6               1    12     6     4          2   0.0001  True 2016040713 2016040713       05-05 08:07:03    20.83     8.13
         2          6               2    12     6     2          2   0.0001  True 2016040713 2016040713       05-05 08:37:51    23.48    11.49
         2          6               2    12     6     3          2   0.0001  True 2016040713 2016040713       05-05 09:33:54    23.21    12.36
         2          6               2    12     6     4          2   0.0001  True 2016040713 2016040713       05-05 10:19:21    24.58    11.64
         2          6               3    12     6     2          2   0.0001  True 2016040713 2016040713       05-05 10:51:26    26.15    20.92
         2          6               3    12     6     3          2   0.0001  True 2016040713 2016040713       05-05 11:34:24    23.85    15.35
         2          6               3    12     6     4          2   0.0001  True 2016040713 2016040713       05-05 12:17:48    23.93    15.15
         2          7               1    12     6     2          2   0.0001  True 2016040713 2016040713       05-05 12:43:28    21.83     7.20
         2          7               1    12     6     3          2   0.0001  True 2016040713 2016040713       05-05 13:17:25    21.87     6.79
         2          7               1    12     6     4          2   0.0001  True 2016040713 2016040713       05-05 14:06:17    22.44     6.78
         2          7               2    12     6     2          2   0.0001  True 2016040713 2016040713       05-05 14:34:05    25.53    14.12
         2          7               2    12     6     3          2   0.0001  True 2016040713 2016040713       05-05 15:15:42    24.06    11.36
         2          7               2    12     6     4          2   0.0001  True 2016040713 2016040713       05-05 16:01:39    23.74    11.74
         2          7               3    12     6     2          2   0.0001  True 2016040713 2016040713       05-05 16:40:49    22.34    12.69
         2          7               3    12     6     3          2   0.0001  True 2016040713 2016040713       05-05 17:41:09    22.41    19.54
         2          7               3    12     6     4          2   0.0001  True 2016040713 2016040713       05-05 18:39:39    23.25    17.74
         4          2               1    12     6     2          2   0.0001  True 2016040715 2016040715       05-05 19:17:58    21.06     8.12
         4          2               1    12     6     3          2   0.0001  True 2016040715 2016040715       05-05 19:42:17    24.37     8.06
         4          2               1    12     6     4          2   0.0001  True 2016040715 2016040715       05-05 20:22:16    21.63     7.91
         4          2               2    12     6     2          2   0.0001  True 2016040715 2016040715       05-05 20:55:24    23.48     8.37
         4          2               2    12     6     3          2   0.0001  True 2016040715 2016040715       05-05 21:35:21    21.90     7.67
         4          2               2    12     6     4          2   0.0001  True 2016040715 2016040715       05-05 22:37:58    24.16     9.41
         4          2               3    12     6     2          2   0.0001  True 2016040715 2016040715       05-05 23:13:49    23.86    15.39
         4          2               3    12     6     3          2   0.0001  True 2016040715 2016040715       05-06 00:01:07    22.35    12.98
         4          2               3    12     6     4          2   0.0001  True 2016040715 2016040715       05-06 01:06:45    22.36    13.58
         4          4               1    12     6     3          2   0.0001  True 2016040715 2016040715       05-06 02:04:31    19.71     6.81
         4          4               1    12     6     4          2   0.0001  True 2016040715 2016040715       05-06 02:45:11    21.86     7.48
         4          4               2    12     6     2          2   0.0001  True 2016040715 2016040715       05-06 03:28:20    21.61     8.14
         4          4               2    12     6     3          2   0.0001  True 2016040715 2016040715       05-06 04:08:20    21.76     9.08
         4          4               2    12     6     4          2   0.0001  True 2016040715 2016040715       05-06 04:49:44    22.85     9.82
         4          4               3    12     6     2          2   0.0001  True 2016040715 2016040715       05-06 05:34:37    21.54    11.36
         4          4               3    12     6     3          2   0.0001  True 2016040715 2016040715       05-06 06:25:33    22.71    12.60
         4          4               3    12     6     4          2   0.0001  True 2016040715 2016040715       05-06 07:13:17    23.99    13.08
         4          6               1    12     6     3          2   0.0001  True 2016040715 2016040715       05-06 08:26:42    20.05     8.20
         4          6               1    12     6     4          2   0.0001  True 2016040715 2016040715       05-06 09:39:22    20.44     8.72
         4          6               2    12     6     2          2   0.0001  True 2016040715 2016040715       05-06 10:22:50    24.23    10.69
         4          6               2    12     6     3          2   0.0001  True 2016040715 2016040715       05-06 10:59:35    24.62    18.63
         4          6               2    12     6     4          2   0.0001  True 2016040715 2016040715       05-06 11:49:54    25.66    12.07
         4          6               3    12     6     2          2   0.0001  True 2016040715 2016040715       05-06 12:33:16    23.41    11.87
         4          6               3    12     6     3          2   0.0001  True 2016040715 2016040715       05-06 13:07:13    26.73    11.88
         4          6               3    12     6     4          2   0.0001  True 2016040715 2016040715       05-06 14:13:59    21.90    10.63
         4          7               1    12     6     2          2   0.0001  True 2016040715 2016040715       05-06 14:45:30    21.99     7.08
         4          7               2    12     6     2          2   0.0001  True 2016040715 2016040715       05-06 16:19:04    23.43    30.12
         4          7               2    12     6     3          2   0.0001  True 2016040715 2016040715       05-06 17:15:39    22.06    23.94
         4          7               2    12     6     4          2   0.0001  True 2016040715 2016040715       05-06 17:57:17    23.29    22.99
         4          7               3    12     6     2          2   0.0001  True 2016040715 2016040715       05-06 18:31:20    24.99    10.63
         4          7               3    12     6     3          2   0.0001  True 2016040715 2016040715       05-06 19:14:14    24.34     9.12
         4          7               3    12     6     4          2   0.0001  True 2016040715 2016040715       05-06 20:12:43    22.38    10.54
         6          2               1    12     6     2          2   0.0001  True 2016040717 2016040717       05-06 20:59:21    18.85     9.32
         6          2               1    12     6     3          2   0.0001  True 2016040717 2016040717       05-06 21:28:58    22.71    10.47
         6          2               1    12     6     4          2   0.0001  True 2016040717 2016040717       05-06 22:13:41    20.34     7.61
         6          2               2    12     6     2          2   0.0001  True 2016040717 2016040717       05-06 22:59:17    21.27    11.02
         6          2               2    12     6     3          2   0.0001  True 2016040717 2016040717       05-06 23:31:33    24.04    11.44
         6          2               2    12     6     4          2   0.0001  True 2016040717 2016040717       05-07 00:22:31    20.81    13.98
         6          2               3    12     6     2          2   0.0001  True 2016040717 2016040717       05-07 01:13:32    21.87    11.49
         6          2               3    12     6     3          2   0.0001  True 2016040717 2016040717       05-07 02:17:54    22.78    12.25
         6          2               3    12     6     4          2   0.0001  True 2016040717 2016040717       05-07 02:55:41    25.16    14.63
         6          4               1    12     6     3          2   0.0001  True 2016040717 2016040717       05-07 04:16:13    20.80    20.62
         6          4               1    12     6     4          2   0.0001  True 2016040717 2016040717       05-07 05:03:58    20.27    36.35
         6          4               2    12     6     2          2   0.0001  True 2016040717 2016040717       05-07 05:37:12    21.50     7.14
         6          4               2    12     6     3          2   0.0001  True 2016040717 2016040717       05-07 06:20:17    22.24     7.65
         6          4               2    12     6     4          2   0.0001  True 2016040717 2016040717       05-07 06:55:57    23.07     8.17
         6          4               3    12     6     2          2   0.0001  True 2016040717 2016040717       05-07 07:26:00    24.27    15.83
         6          4               3    12     6     3          2   0.0001  True 2016040717 2016040717       05-07 07:58:07    25.89    16.85
         6          4               3    12     6     4          2   0.0001  True 2016040717 2016040717       05-07 08:49:33    23.09    17.14
         6          6               1    12     6     2          2   0.0001  True 2016040717 2016040717       05-07 09:06:59    39.89    13.41
         6          6               1    12     6     3          2   0.0001  True 2016040717 2016040717       05-07 09:45:33    20.73     7.29
         6          6               2    12     6     2          2   0.0001  True 2016040717 2016040717       05-07 10:37:18    21.57     6.65
         6          6               2    12     6     3          2   0.0001  True 2016040717 2016040717       05-07 11:30:30    21.47     6.93
         6          6               2    12     6     4          2   0.0001  True 2016040717 2016040717       05-07 12:01:42    28.38     8.86
         6          6               3    12     6     2          2   0.0001  True 2016040717 2016040717       05-07 12:44:14    22.40    10.98
         6          6               3    12     6     3          2   0.0001  True 2016040717 2016040717       05-07 13:39:52    21.84    11.89
         6          6               3    12     6     4          2   0.0001  True 2016040717 2016040717       05-07 14:34:15    23.03    12.08
         6          7               1    12     6     2          2   0.0001  True 2016040717 2016040717       05-07 15:00:05    22.60     9.33
         6          7               1    12     6     3          2   0.0001  True 2016040717 2016040717       05-07 15:39:12    21.18     9.72
         6          7               1    12     6     4          2   0.0001  True 2016040717 2016040717       05-07 17:00:41    19.49     9.12
         6          7               2    12     6     2          2   0.0001  True 2016040717 2016040717       05-07 17:26:54    23.80     9.40
         6          7               2    12     6     3          2   0.0001  True 2016040717 2016040717       05-07 18:03:48    23.00    11.18
         6          7               2    12     6     4          2   0.0001  True 2016040717 2016040717       05-07 19:11:38    20.94     8.03
         6          7               3    12     6     2          2   0.0001  True 2016040717 2016040717       05-07 19:49:30    23.05    11.74
         6          7               3    12     6     3          2   0.0001  True 2016040717 2016040717       05-07 20:18:51    27.19    12.94
         6          7               3    12     6     4          2   0.0001  True 2016040717 2016040717       05-07 20:59:58    26.91    14.24
         7          2               1    12     6     2          2   0.0001  True 2016040718 2016040718       05-07 21:41:32    18.85     5.64
         7          2               1    12     6     3          2   0.0001  True 2016040718 2016040718       05-07 23:34:30    19.78     6.00
         7          2               1    12     6     4          2   0.0001  True 2016040718 2016040718       05-08 00:30:10    21.65     6.01
         7          2               2    12     6     2          2   0.0001  True 2016040718 2016040718       05-08 01:09:53    21.52    13.57
         7          2               2    12     6     3          2   0.0001  True 2016040718 2016040718       05-08 01:59:02    21.26    12.34
         7          2               2    12     6     4          2   0.0001  True 2016040718 2016040718       05-08 02:47:25    23.03    10.89
         7          2               3    12     6     2          2   0.0001  True 2016040718 2016040718       05-08 03:27:31    22.83    14.91
         7          2               3    12     6     3          2   0.0001  True 2016040718 2016040718       05-08 04:11:53    22.40    13.43
         7          2               3    12     6     4          2   0.0001  True 2016040718 2016040718       05-08 04:50:12    25.47    11.64
         7          4               1    12     6     2          2   0.0001  True 2016040718 2016040718       05-08 05:19:50    20.84    11.97
         7          4               1    12     6     3          2   0.0001  True 2016040718 2016040718       05-08 06:10:20    20.16    14.01
         7          4               1    12     6     4          2   0.0001  True 2016040718 2016040718       05-08 06:59:06    21.37     8.09
         7          4               2    12     6     2          2   0.0001  True 2016040718 2016040718       05-08 07:32:53    22.64    15.53
         7          4               2    12     6     3          2   0.0001  True 2016040718 2016040718       05-08 08:14:05    22.01    14.75
         7          4               2    12     6     4          2   0.0001  True 2016040718 2016040718       05-08 08:59:14    21.38    15.80
         7          4               3    12     6     2          2   0.0001  True 2016040718 2016040718       05-08 09:34:06    23.08    12.55
         7          4               3    12     6     3          2   0.0001  True 2016040718 2016040718       05-08 10:22:40    22.74    15.84
         7          4               3    12     6     4          2   0.0001  True 2016040718 2016040718       05-08 10:59:17    26.33    13.74
         7          6               1    12     6     2          2   0.0001  True 2016040718 2016040718       05-08 11:25:07    22.29     6.17
         7          6               1    12     6     3          2   0.0001  True 2016040718 2016040718       05-08 12:08:18    19.98     6.26
         7          6               1    12     6     4          2   0.0001  True 2016040718 2016040718       05-08 12:59:51    19.24     6.09
         7          6               2    12     6     2          2   0.0001  True 2016040718 2016040718       05-08 13:44:24    20.74    12.76
         4          4               1    12     6     2          2   0.0001  True 2016040715 2016040715       05-08 15:24:02    20.92     6.95
         7          6               2    12     6     4          2   0.0001  True 2016040718 2016040718       05-08 15:33:03    21.38    13.29
         4          6               1    12     6     2          2   0.0001  True 2016040715 2016040715       05-08 15:40:24   125.96    21.91
         4          7               1    12     6     3          2   0.0001  True 2016040715 2016040715       05-08 15:53:21    20.21     7.04
         4          7               1    12     6     4          2   0.0001  True 2016040715 2016040715       05-08 16:02:57   487.95   107.55
         6          6               1    12     6     4          2   0.0001  True 2016040717 2016040717       05-08 16:23:11   307.70    75.80
         7          6               2    12     6     3          2   0.0001  True 2016040718 2016040718       05-08 16:37:51    21.37     9.82
         7          6               2    12     6     4          2   0.0001  True 2016040718 2016040718       05-08 16:53:35    20.92    14.23
         7          7               1    12     6     2          2   0.0001  True 2016040718 2016040718       05-08 17:22:24    19.27     5.72
         7          7               1    12     6     3          2   0.0001  True 2016040718 2016040718       05-08 18:06:23    20.89     5.89
         7          7               1    12     6     4          2   0.0001  True 2016040718 2016040718       05-08 18:54:29    21.01     6.40
         7          7               2    12     6     2          2   0.0001  True 2016040718 2016040718       05-08 19:25:02    24.40     8.65
         7          7               2    12     6     3          2   0.0001  True 2016040718 2016040718       05-08 20:08:56    21.36     9.52
         7          7               2    12     6     4          2   0.0001  True 2016040718 2016040718       05-08 21:17:46    21.28     7.96
         2          1               1    12     6     2          2   0.0001  True 2016040713 2016040713       05-08 21:33:05    23.61    22.80
         2          1               1    12     6     3          2   0.0001  True 2016040713 2016040713       05-08 22:03:45    21.47     9.95
         2          1               1    12     6     4          2   0.0001  True 2016040713 2016040713       05-08 22:47:17    20.27    20.87
         2          1               2    12     6     2          2   0.0001  True 2016040713 2016040713       05-08 23:13:19    24.50    24.00
         2          1               2    12     6     3          2   0.0001  True 2016040713 2016040713       05-08 23:43:00    25.11    15.35
         2          1               2    12     6     4          2   0.0001  True 2016040713 2016040713       05-09 00:25:13    21.55    15.75
         2          3               1    12     6     2          2   0.0001  True 2016040713 2016040713       05-09 00:53:40    19.64     5.69
         2          3               1    12     6     3          2   0.0001  True 2016040713 2016040713       05-09 01:03:14    36.55     9.67
         2          3               1    12     6     4          2   0.0001  True 2016040713 2016040713       05-09 01:48:38    19.47     5.58
         2          3               2    12     6     2          2   0.0001  True 2016040713 2016040713       05-09 02:19:47    22.52    10.12
         2          3               2    12     6     3          2   0.0001  True 2016040713 2016040713       05-09 02:46:11    28.66    11.19
         2          3               2    12     6     4          2   0.0001  True 2016040713 2016040713       05-09 03:44:00    24.29    10.73
         2          5               1    12     6     2          2   0.0001  True 2016040713 2016040713       05-09 04:27:02    18.46     5.22
         2          5               1    12     6     3          2   0.0001  True 2016040713 2016040713       05-09 04:55:01    22.09     6.26
         2          5               1    12     6     4          2   0.0001  True 2016040713 2016040713       05-09 05:47:54    18.72     5.64
         2          5               2    12     6     2          2   0.0001  True 2016040713 2016040713       05-09 06:20:55    21.24    11.26
         2          5               2    12     6     3          2   0.0001  True 2016040713 2016040713       05-09 06:55:46    23.52    14.95
         2          5               2    12     6     4          2   0.0001  True 2016040713 2016040713       05-09 07:41:31    23.68    13.78
         4          1               1    12     6     2          2   0.0001  True 2016040715 2016040715       05-09 08:17:52    20.66     5.74
         4          1               1    12     6     3          2   0.0001  True 2016040715 2016040715       05-09 08:57:24    19.90     6.23
         4          1               1    12     6     4          2   0.0001  True 2016040715 2016040715       05-09 09:50:35    19.87     6.63
         4          1               2    12     6     2          2   0.0001  True 2016040715 2016040715       05-09 10:26:04    22.56    17.02
         4          1               2    12     6     3          2   0.0001  True 2016040715 2016040715       05-09 11:11:18    22.31    13.25
         4          1               2    12     6     4          2   0.0001  True 2016040715 2016040715       05-09 11:49:36    24.60    13.96
         4          3               1    12     6     2          2   0.0001  True 2016040715 2016040715       05-09 12:25:54    19.87     6.37
         4          3               1    12     6     3          2   0.0001  True 2016040715 2016040715       05-09 13:02:34    19.84     6.05
         4          3               1    12     6     4          2   0.0001  True 2016040715 2016040715       05-09 13:43:04    24.42     7.24
         4          3               2    12     6     2          2   0.0001  True 2016040715 2016040715       05-09 14:38:51    21.03    14.46
         4          3               2    12     6     3          2   0.0001  True 2016040715 2016040715       05-09 15:23:29    22.64    16.88
         4          3               2    12     6     4          2   0.0001  True 2016040715 2016040715       05-09 16:06:32    22.08    20.05
         4          5               1    12     6     2          2   0.0001  True 2016040715 2016040715       05-09 16:34:14    20.06    10.10
         4          5               1    12     6     3          2   0.0001  True 2016040715 2016040715       05-09 17:05:33    20.21    13.88
         4          5               1    12     6     4          2   0.0001  True 2016040715 2016040715       05-09 17:50:32    19.84    19.95
         4          5               2    12     6     2          2   0.0001  True 2016040715 2016040715       05-09 18:19:08    70.57    11.45
         4          5               2    12     6     3          2   0.0001  True 2016040715 2016040715       05-09 18:52:49    22.34    12.88
         4          5               2    12     6     4          2   0.0001  True 2016040715 2016040715       05-09 19:34:24    23.52     7.89
         6          1               1    12     6     2          2   0.0001  True 2016040717 2016040717       05-09 20:08:28    22.29     6.30
         6          1               1    12     6     3          2   0.0001  True 2016040717 2016040717       05-09 20:42:23    21.05     6.86
         6          1               1    12     6     4          2   0.0001  True 2016040717 2016040717       05-09 20:56:46    38.45    12.27
         6          1               2    12     6     2          2   0.0001  True 2016040717 2016040717       05-09 21:30:00    23.11     8.45
         6          1               2    12     6     3          2   0.0001  True 2016040717 2016040717       05-09 22:09:38    22.91    10.96
         6          1               2    12     6     4          2   0.0001  True 2016040717 2016040717       05-09 22:57:53    70.89    13.95
         6          3               1    12     6     2          2   0.0001  True 2016040717 2016040717       05-09 23:21:16    25.43     7.51
         6          3               1    12     6     3          2   0.0001  True 2016040717 2016040717       05-10 00:05:47    21.37     7.89
         6          3               1    12     6     4          2   0.0001  True 2016040717 2016040717       05-10 00:59:57    19.46     6.39
         6          3               2    12     6     2          2   0.0001  True 2016040717 2016040717       05-10 01:37:18    22.61     9.72
         6          3               2    12     6     3          2   0.0001  True 2016040717 2016040717       05-10 02:38:13    21.21     9.42
         6          3               2    12     6     4          2   0.0001  True 2016040717 2016040717       05-10 03:11:36    28.89    15.64
         6          5               1    12     6     2          2   0.0001  True 2016040717 2016040717       05-10 03:47:54    21.10    12.81
         6          5               1    12     6     3          2   0.0001  True 2016040717 2016040717       05-10 04:38:43    20.60    12.30
         6          5               1    12     6     4          2   0.0001  True 2016040717 2016040717       05-10 05:32:16    19.80    12.76
         6          5               2    12     6     2          2   0.0001  True 2016040717 2016040717       05-10 06:12:12    22.65     8.09
         6          5               2    12     6     3          2   0.0001  True 2016040717 2016040717       05-10 06:51:21    23.75    11.50
         6          5               2    12     6     4          2   0.0001  True 2016040717 2016040717       05-10 07:32:54    24.60    12.55
         7          1               1    12     6     2          2   0.0001  True 2016040718 2016040718       05-10 08:30:31    19.99     8.70
         7          1               1    12     6     3          2   0.0001  True 2016040718 2016040718       05-10 09:06:53    23.10     8.50
         7          1               1    12     6     4          2   0.0001  True 2016040718 2016040718       05-10 09:55:06    21.47    14.20
         7          1               2    12     6     2          2   0.0001  True 2016040718 2016040718       05-10 10:46:42    20.74    14.25
         7          1               2    12     6     3          2   0.0001  True 2016040718 2016040718       05-10 11:22:04    22.48    14.69
         7          1               2    12     6     4          2   0.0001  True 2016040718 2016040718       05-10 12:06:30    22.17    14.31
         7          3               1    12     6     2          2   0.0001  True 2016040718 2016040718       05-10 12:43:26    19.83     5.79
         7          3               1    12     6     3          2   0.0001  True 2016040718 2016040718       05-10 13:18:24    24.45     6.43
         7          3               1    12     6     4          2   0.0001  True 2016040718 2016040718       05-10 14:12:07   126.54    18.48
         7          3               2    12     6     2          2   0.0001  True 2016040718 2016040718       05-10 14:46:17    22.16    16.20
         7          3               2    12     6     3          2   0.0001  True 2016040718 2016040718       05-10 15:23:53    21.90    17.80
         7          3               2    12     6     4          2   0.0001  True 2016040718 2016040718       05-10 15:56:25    28.02    16.77
         7          5               1    12     6     2          2   0.0001  True 2016040718 2016040718       05-10 16:35:45    19.93     7.04
         7          5               1    12     6     3          2   0.0001  True 2016040718 2016040718       05-10 17:11:52    22.05     7.72
         7          5               1    12     6     4          2   0.0001  True 2016040718 2016040718       05-10 17:59:34    21.43     8.54
         7          5               2    12     6     2          2   0.0001  True 2016040718 2016040718       05-10 18:36:17    22.84    13.67
         7          5               2    12     6     3          2   0.0001  True 2016040718 2016040718       05-10 19:12:09    22.37    12.44
         7          5               2    12     6     4          2   0.0001  True 2016040718 2016040718       05-10 20:03:49    22.08    12.50
         7          7               2    12     6     4          2   0.0001  True 2016040718 2016040718       05-10 20:14:13    20.82     8.66
         1          1               1    12     6     2          2   0.0001  True 2016040712 2016040712       05-10 21:20:57    22.71     7.79
         1          1               1    12     6     3          2   0.0001  True 2016040712 2016040712       05-10 21:59:35    20.15     9.51
         1          1               1    12     6     4          2   0.0001  True 2016040712 2016040712       05-10 22:41:56    23.53    10.96
         1          1               2    12     6     2          2   0.0001  True 2016040712 2016040712       05-10 23:15:25    22.03    16.15
         1          1               2    12     6     3          2   0.0001  True 2016040712 2016040712       05-10 23:57:51    24.47    14.50
         1          1               2    12     6     4          2   0.0001  True 2016040712 2016040712       05-11 00:41:27    23.04    16.37
         1          2               1    12     6     2          2   0.0001  True 2016040712 2016040712       05-11 01:05:56    23.58    11.69
         1          2               1    12     6     3          2   0.0001  True 2016040712 2016040712       05-11 01:45:27    22.94    20.39
         1          2               1    12     6     4          2   0.0001  True 2016040712 2016040712       05-11 02:31:50    19.81    14.83
         1          2               2    12     6     2          2   0.0001  True 2016040712 2016040712       05-11 03:06:12    21.57    10.65
         1          2               2    12     6     3          2   0.0001  True 2016040712 2016040712       05-11 03:57:58    22.58    11.67
         1          2               2    12     6     4          2   0.0001  True 2016040712 2016040712       05-11 04:52:57    21.10    10.74
         1          3               1    12     6     2          2   0.0001  True 2016040712 2016040712       05-11 05:27:16    19.92     5.47
         1          3               1    12     6     3          2   0.0001  True 2016040712 2016040712       05-11 05:50:11   129.80    20.75
         1          3               1    12     6     4          2   0.0001  True 2016040712 2016040712       05-11 06:42:53    20.26     5.84
         1          3               2    12     6     2          2   0.0001  True 2016040712 2016040712       05-11 07:12:49    23.60    32.25
         1          3               2    12     6     3          2   0.0001  True 2016040712 2016040712       05-11 07:45:00    23.30    19.71
         1          3               2    12     6     4          2   0.0001  True 2016040712 2016040712       05-11 08:35:44    26.66    27.69
         1          4               1    12     6     2          2   0.0001  True 2016040712 2016040712       05-11 08:56:31    24.95     7.77
         1          4               1    12     6     3          2   0.0001  True 2016040712 2016040712       05-11 09:24:57    29.13     8.16
         1          4               1    12     6     4          2   0.0001  True 2016040712 2016040712       05-11 10:11:22   127.61    19.39
         1          4               2    12     6     2          2   0.0001  True 2016040712 2016040712       05-11 10:40:07    26.66    18.55
         1          4               2    12     6     3          2   0.0001  True 2016040712 2016040712       05-11 11:10:26    23.70    14.32
         1          4               2    12     6     4          2   0.0001  True 2016040712 2016040712       05-11 12:00:57    22.51    13.61
         1          5               1    12     6     2          2   0.0001  True 2016040712 2016040712       05-11 12:32:07    20.14     6.54
         1          5               1    12     6     3          2   0.0001  True 2016040712 2016040712       05-11 13:28:08    19.47     6.77
         1          5               1    12     6     4          2   0.0001  True 2016040712 2016040712       05-11 13:48:16    28.64     8.50
         1          5               2    12     6     2          2   0.0001  True 2016040712 2016040712       05-11 14:17:58    23.70    10.22
         1          5               2    12     6     3          2   0.0001  True 2016040712 2016040712       05-11 14:47:32    23.76    17.10
         1          5               2    12     6     4          2   0.0001  True 2016040712 2016040712       05-11 15:31:13    23.84    16.95
         1          6               1    12     6     2          2   0.0001  True 2016040712 2016040712       05-11 15:46:36    31.03    24.35
         1          6               1    12     6     3          2   0.0001  True 2016040712 2016040712       05-11 16:24:21    24.68    37.05
         1          6               1    12     6     4          2   0.0001  True 2016040712 2016040712       05-11 16:54:32    28.86    41.51
         1          6               2    12     6     2          2   0.0001  True 2016040712 2016040712       05-11 17:19:02    25.47     9.26
         1          6               2    12     6     3          2   0.0001  True 2016040712 2016040712       05-11 17:47:03    25.38    11.31
         1          6               2    12     6     4          2   0.0001  True 2016040712 2016040712       05-11 18:28:17    25.79     8.83
         1          7               1    12     6     2          2   0.0001  True 2016040712 2016040712       05-11 19:03:48    20.08     8.91
         1          7               1    12     6     3          2   0.0001  True 2016040712 2016040712       05-11 19:23:38    29.58    12.59
         1          7               1    12     6     4          2   0.0001  True 2016040712 2016040712       05-11 19:38:26   435.77   169.57
         1          7               2    12     6     2          2   0.0001  True 2016040712 2016040712       05-11 20:12:13    22.86    25.93
         1          7               2    12     6     3          2   0.0001  True 2016040712 2016040712       05-11 20:51:41    23.79    24.54
         6          4               1    12     6     2          2   0.0001  True 2016040717 2016040717       05-12 11:36:23    17.93    30.59
         3          1               1    12     6     2          2   0.0001  True 2016040714 2016040714       05-12 14:08:30    20.61    11.28
         3          1               2    12     6     2          2   0.0001  True 2016040714 2016040714       05-12 14:14:54    23.58    19.17
         3          2               1    12     6     2          2   0.0001  True 2016040714 2016040714       05-12 14:29:44    19.28    27.94
         3          2               2    12     6     2          2   0.0001  True 2016040714 2016040714       05-12 14:48:01    20.31    12.71
         3          3               1    12     6     2          2   0.0001  True 2016040714 2016040714       05-12 14:56:26    19.43     6.20
         3          3               2    12     6     2          2   0.0001  True 2016040714 2016040714       05-12 15:04:41    21.64    11.77
         3          4               1    12     6     2          2   0.0001  True 2016040714 2016040714       05-12 15:19:27    20.08    11.17
         3          4               2    12     6     2          2   0.0001  True 2016040714 2016040714       05-12 15:27:30    21.43     6.97
         3          5               1    12     6     2          2   0.0001  True 2016040714 2016040714       05-12 16:02:02    19.96    43.69
         3          5               2    12     6     2          2   0.0001  True 2016040714 2016040714       05-12 16:37:20    21.40    12.34
         3          6               1    12     6     2          2   0.0001  True 2016040714 2016040714       05-12 17:06:11    19.54     6.29
         3          6               2    12     6     2          2   0.0001  True 2016040714 2016040714       05-12 17:30:49    23.21     8.00
         6          4               1    12     6     2          2    5e-05  True 2016040717 2016040717       05-13 20:21:33    17.12    29.74
         2          5               1    12     6     2          2    5e-05  True 2016040713 2016040713       05-13 20:27:26    17.11     4.94
         6          4               1    12     6     2          2    1e-05  True 2016040717 2016040717       05-13 20:35:59    16.97    29.18
         2          5               1    12     6     2          2    1e-05  True 2016040713 2016040713       05-13 20:46:26    16.73     4.94
         6          4               1    12     6     2          2    5e-06  True 2016040717 2016040717       05-13 20:48:51    16.92    29.06
         2          5               1    12     6     2          2    5e-06  True 2016040713 2016040713       05-13 20:58:34    16.72     4.90
         2          5               1    12     6     4          2    5e-05  True 2016040713 2016040713       05-13 21:17:53    18.38     5.73
         2          5               1    12     6     4          2    1e-05  True 2016040713 2016040713       05-13 21:30:54    17.43     5.24
         2          5               1    12     6     4          2    5e-06  True 2016040713 2016040713       05-13 21:46:20    17.17     5.17
         2          5               1    12     6     2          2    5e-06  True 2016040713 2016040713       05-14 14:24:08    16.77     4.91
         1          1               1    12     6     2          2    1e-05  True 2016040712 2016040712       05-14 15:33:15    19.47     7.43
         1          1               1    12     6     4          2    1e-05  True 2016040712 2016040712       05-14 15:49:23    19.07     9.42
         1          1               2    12     6     2          2    1e-05  True 2016040712 2016040712       05-14 16:01:52    21.32    15.33
         1          1               2    12     6     4          2    1e-05  True 2016040712 2016040712       05-14 16:26:13    21.50    16.80
         1          2               1    12     6     2          2    1e-05  True 2016040712 2016040712       05-14 16:34:47    20.50     8.40
         1          2               1    12     6     4          2    1e-05  True 2016040712 2016040712       05-14 16:44:53    18.85    15.50
         1          2               2    12     6     2          2    1e-05  True 2016040712 2016040712       05-14 16:51:26    20.95    10.46
         1          2               2    12     6     4          2    1e-05  True 2016040712 2016040712       05-14 17:06:45    20.45    10.92
         1          3               1    12     6     2          2    1e-05  True 2016040712 2016040712       05-14 17:15:19    18.53     5.01
         1          3               1    12     6     4          2    1e-05  True 2016040712 2016040712       05-14 17:27:46    18.85     5.21
         1          3               2    12     6     2          2    1e-05  True 2016040712 2016040712       05-14 17:37:38    20.98    25.09
         1          3               2    12     6     4          2    1e-05  True 2016040712 2016040712       05-14 17:51:21    20.97    22.17
         1          4               1    12     6     2          2    1e-05  True 2016040712 2016040712       05-14 18:07:33    20.72     6.75
         1          4               1    12     6     4          2    1e-05  True 2016040712 2016040712       05-14 18:27:49   125.66    19.33
         1          4               2    12     6     2          2    1e-05  True 2016040712 2016040712       05-14 18:38:31    21.80    13.03
         1          4               2    12     6     4          2    1e-05  True 2016040712 2016040712       05-14 18:54:20    21.03    11.68
         1          5               1    12     6     2          2    1e-05  True 2016040712 2016040712       05-14 19:10:58    18.62     6.53
         1          5               1    12     6     4          2    1e-05  True 2016040712 2016040712       05-14 19:40:55    22.24     7.73
         1          5               2    12     6     2          2    1e-05  True 2016040712 2016040712       05-14 19:47:38    21.82     8.59
         1          5               2    12     6     4          2    1e-05  True 2016040712 2016040712       05-14 20:12:34    21.63    14.83
         1          6               1    12     6     2          2    1e-05  True 2016040712 2016040712       05-14 20:25:55    21.93    27.84
         1          6               1    12     6     4          2    1e-05  True 2016040712 2016040712       05-14 20:45:54    20.51    32.14
         1          6               2    12     6     2          2    1e-05  True 2016040712 2016040712       05-14 21:00:22    21.41     9.02
         1          6               2    12     6     4          2    1e-05  True 2016040712 2016040712       05-14 21:16:03    21.05     8.81
         1          7               1    12     6     2          2    1e-05  True 2016040712 2016040712       05-14 21:26:54    18.95     5.08
         1          7               1    12     6     4          2    1e-05  True 2016040712 2016040712       05-14 21:39:33   435.46   168.64
         1          7               2    12     6     2          2    1e-05  True 2016040712 2016040712       05-14 21:47:07    21.35    22.83
         1          7               2    12     6     4          2    1e-05  True 2016040712 2016040712       05-14 21:56:46    21.69    20.03
         2          1               1    12     6     2          2    1e-05  True 2016040713 2016040713       05-14 22:17:37    18.88     8.70
         2          1               1    12     6     4          2    1e-05  True 2016040713 2016040713       05-14 22:35:41    17.84    18.29
         2          1               2    12     6     2          2    1e-05  True 2016040713 2016040713       05-14 22:43:07    21.15    17.98
         2          1               2    12     6     4          2    1e-05  True 2016040713 2016040713       05-14 22:58:53    21.03    13.83
         2          2               1    12     6     2          2    1e-05  True 2016040713 2016040713       05-14 23:19:18    17.51    13.07
         2          2               1    12     6     4          2    1e-05  True 2016040713 2016040713       05-14 23:28:34    17.39    17.46
         2          2               2    12     6     2          2    1e-05  True 2016040713 2016040713       05-14 23:38:33    20.67     6.81
         2          2               2    12     6     4          2    1e-05  True 2016040713 2016040713       05-15 00:09:13    21.08     9.16
         2          3               1    12     6     2          2    1e-05  True 2016040713 2016040713       05-15 00:17:47    18.97     5.63
         2          3               1    12     6     4          2    1e-05  True 2016040713 2016040713       05-15 00:27:31    18.54     5.57
         2          3               2    12     6     2          2    1e-05  True 2016040713 2016040713       05-15 00:46:06    20.44     8.38
         2          3               2    12     6     4          2    1e-05  True 2016040713 2016040713       05-15 01:00:21    20.06     8.04
         2          4               1    12     6     2          2    1e-05  True 2016040713 2016040713       05-15 01:10:22    21.96    21.31
         2          4               1    12     6     4          2    1e-05  True 2016040713 2016040713       05-15 01:24:59    20.31    30.51
         2          4               2    12     6     2          2    1e-05  True 2016040713 2016040713       05-15 01:35:04    20.01     9.44
         2          4               2    12     6     4          2    1e-05  True 2016040713 2016040713       05-15 02:02:01    22.88     9.96
         2          5               2    12     6     2          2    1e-05  True 2016040713 2016040713       05-15 02:13:40    20.91    10.09
         2          5               2    12     6     4          2    1e-05  True 2016040713 2016040713       05-15 02:23:32    20.82    12.46
         2          6               1    12     6     2          2    1e-05  True 2016040713 2016040713       05-15 02:35:28    18.29     7.25
         2          6               1    12     6     4          2    1e-05  True 2016040713 2016040713       05-15 02:47:30    18.50     7.31
         2          6               2    12     6     2          2    1e-05  True 2016040713 2016040713       05-15 03:04:16    22.25    12.34
         2          6               2    12     6     4          2    1e-05  True 2016040713 2016040713       05-15 03:21:17    21.87    10.99
         2          7               1    12     6     2          2    1e-05  True 2016040713 2016040713       05-15 03:33:11    19.38     6.32
         2          7               1    12     6     4          2    1e-05  True 2016040713 2016040713       05-15 03:42:41    18.92     6.17
         2          7               2    12     6     2          2    1e-05  True 2016040713 2016040713       05-15 03:50:28    21.70    11.57
         2          7               2    12     6     4          2    1e-05  True 2016040713 2016040713       05-15 04:14:04    21.33    13.08
         3          1               1    12     6     2          2    1e-05  True 2016040714 2016040714       05-15 04:23:47    18.35    10.03
         3          1               1    12     6     4          2    1e-05  True 2016040714 2016040714       05-15 04:47:23    20.71    10.85
         3          1               2    12     6     2          2    1e-05  True 2016040714 2016040714       05-15 05:03:16    21.83    20.01
         3          1               2    12     6     4          2    1e-05  True 2016040714 2016040714       05-15 05:17:14    21.58    19.87
         3          2               1    12     6     2          2    1e-05  True 2016040714 2016040714       05-15 05:23:47    18.00    29.72
         3          2               1    12     6     4          2    1e-05  True 2016040714 2016040714       05-15 05:47:12    18.94    27.53
         3          2               2    12     6     2          2    1e-05  True 2016040714 2016040714       05-15 05:55:17    19.77    12.64
         3          2               2    12     6     4          2    1e-05  True 2016040714 2016040714       05-15 06:14:46    20.53    14.06
         3          3               1    12     6     2          2    1e-05  True 2016040714 2016040714       05-15 06:21:23    18.48     6.03
         3          3               1    12     6     4          2    1e-05  True 2016040714 2016040714       05-15 06:36:03    18.70     6.11
         3          3               2    12     6     2          2    1e-05  True 2016040714 2016040714       05-15 06:45:23    19.99    12.93
         3          3               2    12     6     4          2    1e-05  True 2016040714 2016040714       05-15 07:04:21    21.03    13.71
         3          4               1    12     6     2          2    1e-05  True 2016040714 2016040714       05-15 07:15:37    18.76    10.95
         3          4               1    12     6     4          2    1e-05  True 2016040714 2016040714       05-15 07:38:38    19.10    10.75
         3          4               2    12     6     2          2    1e-05  True 2016040714 2016040714       05-15 07:45:08    21.15     7.00
         3          4               2    12     6     4          2    1e-05  True 2016040714 2016040714       05-15 10:11:24    33.09     9.21
         3          5               1    12     6     2          2    1e-05  True 2016040714 2016040714       05-15 10:28:52    18.81    43.85
         3          5               1    12     6     4          2    1e-05  True 2016040714 2016040714       05-15 11:56:35   256.12   147.55
         3          5               2    12     6     2          2    1e-05  True 2016040714 2016040714       05-15 12:03:06    20.64    12.05
         3          5               2    12     6     4          2    1e-05  True 2016040714 2016040714       05-15 15:33:27    28.50    18.00
         3          6               1    12     6     2          2    1e-05  True 2016040714 2016040714       05-15 15:44:45    18.32     6.05
         3          6               1    12     6     4          2    1e-05  True 2016040714 2016040714       05-15 16:34:05   335.47    71.89
         3          6               2    12     6     2          2    1e-05  True 2016040714 2016040714       05-15 16:42:05    21.54     7.80
         3          6               2    12     6     4          2    1e-05  True 2016040714 2016040714       05-15 18:03:45    86.36    16.76
         3          7               1    12     6     2          2    1e-05  True 2016040714 2016040714       05-15 18:50:50    35.70     9.44
         3          7               1    12     6     4          2    1e-05  True 2016040714 2016040714       05-15 20:14:12    26.11     7.01
         3          7               2    12     6     2          2    1e-05  True 2016040714 2016040714       05-15 22:12:31    27.37    11.66
         3          7               2    12     6     4          2    1e-05  True 2016040714 2016040714       05-16 00:27:40    32.84    16.88
         4          1               1    12     6     2          2    1e-05  True 2016040715 2016040715       05-16 00:37:29    18.50     5.59
         4          1               1    12     6     4          2    1e-05  True 2016040715 2016040715       05-16 00:49:32    18.31     5.79
         4          1               2    12     6     2          2    1e-05  True 2016040715 2016040715       05-16 00:55:53    21.25    14.83
         4          1               2    12     6     4          2    1e-05  True 2016040715 2016040715       05-16 01:04:52    21.96    15.00
         4          2               1    12     6     2          2    1e-05  True 2016040715 2016040715       05-16 01:14:16    19.04     6.59
         4          2               1    12     6     4          2    1e-05  True 2016040715 2016040715       05-16 01:35:41    19.29     7.60
         4          2               2    12     6     2          2    1e-05  True 2016040715 2016040715       05-16 01:43:39    21.18     7.00
         4          2               2    12     6     4          2    1e-05  True 2016040715 2016040715       05-16 01:55:05    20.42     7.68
         4          3               1    12     6     2          2    1e-05  True 2016040715 2016040715       05-16 02:04:31    18.91     5.82
         4          3               1    12     6     4          2    1e-05  True 2016040715 2016040715       05-16 02:16:29    19.26     5.59
         4          3               2    12     6     2          2    1e-05  True 2016040715 2016040715       05-16 02:24:33    19.85    15.14
         4          3               2    12     6     4          2    1e-05  True 2016040715 2016040715       05-16 02:40:59    20.86    17.52
         4          4               1    12     6     2          2    1e-05  True 2016040715 2016040715       05-16 02:51:06    18.36     6.56
         4          4               1    12     6     4          2    1e-05  True 2016040715 2016040715       05-16 03:13:24    18.02     6.61
         4          4               2    12     6     2          2    1e-05  True 2016040715 2016040715       05-16 03:20:12    19.91     7.17
         4          4               2    12     6     4          2    1e-05  True 2016040715 2016040715       05-16 03:32:32    22.02     9.25
         4          5               1    12     6     2          2    1e-05  True 2016040715 2016040715       05-16 03:49:18    19.06    11.10
         4          5               1    12     6     4          2    1e-05  True 2016040715 2016040715       05-16 04:17:13    18.53    18.52
         4          5               2    12     6     2          2    1e-05  True 2016040715 2016040715       05-16 04:48:21    69.66    13.23
         4          5               2    12     6     4          2    1e-05  True 2016040715 2016040715       05-16 05:07:30    21.09     8.35
         4          6               1    12     6     2          2    1e-05  True 2016040715 2016040715       05-16 05:15:51   124.91    19.71
         4          6               1    12     6     4          2    1e-05  True 2016040715 2016040715       05-16 05:30:37    18.42     9.33
         4          6               2    12     6     2          2    1e-05  True 2016040715 2016040715       05-16 05:42:10    21.07    13.60
         4          6               2    12     6     4          2    1e-05  True 2016040715 2016040715       05-16 05:58:34    21.81    13.57
         4          7               1    12     6     2          2    1e-05  True 2016040715 2016040715       05-16 06:11:45    19.38     6.77
         4          7               1    12     6     4          2    1e-05  True 2016040715 2016040715       05-16 06:21:26   487.95   107.55
         4          7               2    12     6     2          2    1e-05  True 2016040715 2016040715       05-16 06:44:44    21.76    25.76
         4          7               2    12     6     4          2    1e-05  True 2016040715 2016040715       05-16 07:02:52    22.14    21.90
         5          1               1    12     6     2          2    1e-05  True 2016040716 2016040716       05-16 07:58:40    26.10     9.12
         5          1               1    12     6     4          2    1e-05  True 2016040716 2016040716       05-16 09:03:34   148.71    30.46
         5          1               2    12     6     2          2    1e-05  True 2016040716 2016040716       05-16 11:18:18    24.90    17.02
         5          1               2    12     6     4          2    1e-05  True 2016040716 2016040716       05-16 13:32:51    79.05    21.89
         5          2               1    12     6     2          2    1e-05  True 2016040716 2016040716       05-16 14:20:44    34.90     9.24
         5          2               1    12     6     4          2    1e-05  True 2016040716 2016040716       05-16 15:56:05    26.82     7.16
         5          2               2    12     6     2          2    1e-05  True 2016040716 2016040716       05-16 18:16:49    23.09     7.54
         5          2               2    12     6     4          2    1e-05  True 2016040716 2016040716       05-16 20:27:17   130.17    54.97
         5          3               1    12     6     2          2    1e-05  True 2016040716 2016040716       05-16 21:48:49   128.88    22.76
         5          3               1    12     6     4          2    1e-05  True 2016040716 2016040716       05-16 23:36:00    25.32    13.41
         5          3               2    12     6     2          2    1e-05  True 2016040716 2016040716       05-17 01:43:08    25.37    12.13
         5          3               2    12     6     4          2    1e-05  True 2016040716 2016040716       05-17 03:37:55    38.52    21.06
         5          4               1    12     6     2          2    1e-05  True 2016040716 2016040716       05-17 05:02:25    25.68    11.72
         5          4               1    12     6     4          2    1e-05  True 2016040716 2016040716       05-17 06:42:15   361.45    79.68
         5          4               2    12     6     2          2    1e-05  True 2016040716 2016040716       05-17 08:13:32    30.24    14.91
         5          4               2    12     6     4          2    1e-05  True 2016040716 2016040716       05-17 11:45:11    25.35     9.68
         5          5               1    12     6     2          2    1e-05  True 2016040716 2016040716       05-17 13:27:14    23.29     6.40
         5          5               1    12     6     4          2    1e-05  True 2016040716 2016040716       05-17 14:26:35   450.65    68.59
         5          5               2    12     6     2          2    1e-05  True 2016040716 2016040716       05-17 16:33:44    74.31    14.31
         5          5               2    12     6     4          2    1e-05  True 2016040716 2016040716       05-17 19:43:05    31.56    14.95
         5          6               1    12     6     2          2    1e-05  True 2016040716 2016040716       05-17 20:44:47    25.39    10.50
         5          6               1    12     6     4          2    1e-05  True 2016040716 2016040716       05-17 21:23:52   848.87   252.27
         5          6               2    12     6     2          2    1e-05  True 2016040716 2016040716       05-17 23:37:56   127.75    23.35
         5          6               2    12     6     4          2    1e-05  True 2016040716 2016040716       05-18 01:48:30    30.08    15.75
         5          7               1    12     6     2          2    1e-05  True 2016040716 2016040716       05-18 03:08:23    26.46     7.34
         5          7               1    12     6     4          2    1e-05  True 2016040716 2016040716       05-18 05:02:28   358.00    52.57
         5          7               2    12     6     2          2    1e-05  True 2016040716 2016040716       05-18 07:17:46    26.20    19.80
         5          7               2    12     6     4          2    1e-05  True 2016040716 2016040716       05-18 10:32:37    77.90    30.83
         6          1               1    12     6     2          2    1e-05  True 2016040717 2016040717       05-18 10:44:18    19.11     6.13
         6          1               1    12     6     4          2    1e-05  True 2016040717 2016040717       05-18 11:05:34    32.91    10.96
         6          1               2    12     6     2          2    1e-05  True 2016040717 2016040717       05-18 11:17:45    21.59     7.97
         6          1               2    12     6     4          2    1e-05  True 2016040717 2016040717       05-18 11:33:44    69.73    13.96
         6          2               1    12     6     2          2    1e-05  True 2016040717 2016040717       05-18 11:43:15    18.03    11.21
         6          2               1    12     6     4          2    1e-05  True 2016040717 2016040717       05-18 12:01:51    18.52    11.68
         6          2               2    12     6     2          2    1e-05  True 2016040717 2016040717       05-18 12:24:03    20.20    10.46
         6          2               2    12     6     4          2    1e-05  True 2016040717 2016040717       05-18 12:39:51    20.42    12.90
         6          3               1    12     6     2          2    1e-05  True 2016040717 2016040717       05-18 12:55:46    20.84     7.17
         6          3               1    12     6     4          2    1e-05  True 2016040717 2016040717       05-18 13:14:36    18.27     6.46
         6          3               2    12     6     2          2    1e-05  True 2016040717 2016040717       05-18 13:26:49    20.93     8.75
         6          3               2    12     6     4          2    1e-05  True 2016040717 2016040717       05-18 13:47:03    23.54    11.05
         6          4               1    12     6     4          2    1e-05  True 2016040717 2016040717       05-18 14:04:00    17.91    28.27
         6          4               2    12     6     2          2    1e-05  True 2016040717 2016040717       05-18 14:11:11    20.63     7.75
         6          4               2    12     6     4          2    1e-05  True 2016040717 2016040717       05-18 14:25:40    21.39     8.29
         6          5               1    12     6     2          2    1e-05  True 2016040717 2016040717       05-18 14:36:17    18.95    15.06
         6          5               1    12     6     4          2    1e-05  True 2016040717 2016040717       05-18 14:53:01    18.24    11.13
         6          5               2    12     6     2          2    1e-05  True 2016040717 2016040717       05-18 15:06:23    21.14     9.68
         6          5               2    12     6     4          2    1e-05  True 2016040717 2016040717       05-18 15:30:44    21.83    11.29
         6          6               1    12     6     2          2    1e-05  True 2016040717 2016040717       05-18 16:27:15    28.97    11.82
         6          6               1    12     6     4          2    1e-05  True 2016040717 2016040717       05-18 16:37:07   307.70    75.80
         6          6               2    12     6     2          2    1e-05  True 2016040717 2016040717       05-18 16:44:14    20.55     6.44
         6          6               2    12     6     4          2    1e-05  True 2016040717 2016040717       05-18 17:11:32    21.96     6.61
         6          7               1    12     6     2          2    1e-05  True 2016040717 2016040717       05-18 17:25:34    20.10     8.40
         6          7               1    12     6     4          2    1e-05  True 2016040717 2016040717       05-18 17:44:16    17.93     7.78
         6          7               2    12     6     2          2    1e-05  True 2016040717 2016040717       05-18 18:00:15    21.11     7.53
         6          7               2    12     6     4          2    1e-05  True 2016040717 2016040717       05-18 18:12:12    19.83     7.34
         7          1               1    12     6     2          2    1e-05  True 2016040718 2016040718       05-18 18:22:12    19.00     8.88
         7          1               1    12     6     4          2    1e-05  True 2016040718 2016040718       05-18 18:38:49    19.51    11.59
         7          1               2    12     6     2          2    1e-05  True 2016040718 2016040718       05-18 18:52:03    20.41    13.36
         7          1               2    12     6     4          2    1e-05  True 2016040718 2016040718       05-18 19:04:14    21.13    14.04
         7          2               1    12     6     2          2    1e-05  True 2016040718 2016040718       05-18 19:13:55    17.83     5.05
         7          2               1    12     6     4          2    1e-05  True 2016040718 2016040718       05-18 19:32:47    18.54     5.49
         7          2               2    12     6     2          2    1e-05  True 2016040718 2016040718       05-18 19:41:27    20.89    13.33
         7          2               2    12     6     4          2    1e-05  True 2016040718 2016040718       05-18 19:52:26    21.19     9.09
         7          3               1    12     6     2          2    1e-05  True 2016040718 2016040718       05-18 20:07:49    17.93     5.30
         7          3               1    12     6     4          2    1e-05  True 2016040718 2016040718       05-18 20:23:49   125.21    18.27
         7          3               2    12     6     2          2    1e-05  True 2016040718 2016040718       05-18 20:35:56    20.69    19.25
         7          3               2    12     6     4          2    1e-05  True 2016040718 2016040718       05-18 21:07:58    21.82    19.62
         7          4               1    12     6     2          2    1e-05  True 2016040718 2016040718       05-18 21:18:27    18.33     9.41
         7          4               1    12     6     4          2    1e-05  True 2016040718 2016040718       05-18 21:27:52    19.02     6.12
         7          4               2    12     6     2          2    1e-05  True 2016040718 2016040718       05-18 21:40:56    21.09    15.11
         7          4               2    12     6     4          2    1e-05  True 2016040718 2016040718       05-18 21:55:26    20.31    14.93
         7          5               1    12     6     2          2    1e-05  True 2016040718 2016040718       05-18 22:06:11    18.33     6.92
         7          5               1    12     6     4          2    1e-05  True 2016040718 2016040718       05-18 22:28:12    18.84     7.26
         7          5               2    12     6     2          2    1e-05  True 2016040718 2016040718       05-18 22:45:17    20.37    13.29
         7          5               2    12     6     4          2    1e-05  True 2016040718 2016040718       05-18 23:05:40    20.51    11.98
         7          6               1    12     6     2          2    1e-05  True 2016040718 2016040718       05-18 23:18:42    18.83     5.42
         7          6               1    12     6     4          2    1e-05  True 2016040718 2016040718       05-18 23:29:51    18.03     5.39
         7          6               2    12     6     2          2    1e-05  True 2016040718 2016040718       05-18 23:43:52    20.13    14.01
         7          6               2    12     6     4          2    1e-05  True 2016040718 2016040718       05-18 23:58:02    20.21    14.00
         7          7               1    12     6     2          2    1e-05  True 2016040718 2016040718       05-19 00:14:26    18.08     5.31
         7          7               1    12     6     4          2    1e-05  True 2016040718 2016040718       05-19 00:30:01    18.21     5.32
         7          7               2    12     6     2          2    1e-05  True 2016040718 2016040718       05-19 00:39:41    21.76     8.60
         7          7               2    12     6     4          2    1e-05  True 2016040718 2016040718       05-19 00:51:56    20.42     7.67
         2          5               1    12     6     2          2    5e-06  True 2016040713 2016040713       05-22 16:23:45    16.70     4.91
         2          5               1    12     6     1          2    5e-06  True 2016040713 2016040713       06-04 11:59:09    23.37     0.03
         2          5               1    12     6     6          2    5e-06  True 2016040713 2016040713       06-04 12:06:41   240.68     0.25
         2          5               1    12     6     3          2    5e-06  True 2016040713 2016040713       06-04 12:40:49   236.10     0.23
         2          5               1    12     6     5          2    5e-06  True 2016040713 2016040713       06-04 12:53:27   137.94     0.14
         2          5               1    12     6     6          2    5e-06  True 2016040713 2016040713       06-04 13:08:35   238.78     0.24
         2          5               1    12     6     7          2    5e-06  True 2016040713 2016040713       06-04 15:19:00   248.68     0.25
         2          5               1     2     6     2          2    5e-06  True 2016040713 2016040713       06-04 15:44:28    26.27    23.05
         2          5               1     6     6     2          2    5e-06  True 2016040713 2016040713       06-04 16:34:43    36.38    30.55
         2          5               1     8     6     2          2    5e-06  True 2016040713 2016040713       06-04 17:36:11   131.60    85.04
