  neighbor_size   vertices   features    weeks   days  hours       lr start_time   end_time                 time     rmse     mape
              1       1024          1        4      2      4   0.0001 2016040718 2016040718       05-28 16:36:14   522.36    99.80
              1       1024          1        4      2      4     0.01 2016040718 2016040718       05-28 16:38:55   382.76    74.35
              1       1024          1        4      2      4     0.01 2016040718 2016040718       05-28 16:47:44    24.94    12.49
              1       1024          1        2      2      2     0.01 2016040718 2016040718       05-29 11:06:44    24.41    12.43
              1       1024          1        2      2      3     0.01 2016040718 2016040718       05-29 18:38:41    29.80    13.38
              1       1024          1        2      2      4     0.01 2016040718 2016040718       05-29 20:40:59    29.00    14.98
              1       1024          1        2      3      2     0.01 2016040718 2016040718       05-29 23:50:17    28.76    14.31
              1       1024          1        2      3      3     0.01 2016040718 2016040718       05-30 00:27:23    21.46    12.72
              1       1024          1        2      3      4     0.01 2016040718 2016040718       05-30 01:06:30    15.85     9.59
              1       1024          1        2      4      2     0.01 2016040718 2016040718       05-30 02:42:41    24.90    15.38
              1       1024          1        2      4      3     0.01 2016040718 2016040718       05-30 21:00:40    29.96    14.45
              1       1024          1        2      4      4     0.01 2016040718 2016040718       05-31 15:46:55    27.26    13.06
              1       1024          1        3      2      2     0.01 2016040718 2016040718       05-31 17:04:22    16.20     9.49
              1       1024          1        3      2      3     0.01 2016040718 2016040718       05-31 18:47:01    18.98    12.49
              1       1024          1        3      2      4     0.01 2016040718 2016040718       05-31 20:16:00    29.99    17.55
              1       1024          1        3      3      2     0.01 2016040718 2016040718       05-31 21:35:09    17.59     9.95
              1       1024          1        3      3      3     0.01 2016040718 2016040718       05-31 23:59:39    22.18    11.47
              1       1024          1        3      3      4     0.01 2016040718 2016040718       06-01 01:30:31    19.09    10.42
              1       1024          1        3      4      2     0.01 2016040718 2016040718       06-01 02:16:13    22.87    15.85
              1       1024          1        3      4      3     0.01 2016040718 2016040718       06-01 04:56:13    18.08     9.65
              1       1024          1        3      4      4     0.01 2016040718 2016040718       06-01 06:35:38    24.47    11.42
              1       1024          1        4      2      2     0.01 2016040718 2016040718       06-01 11:23:34    23.81    13.41
              1       1024          1        4      2      3     0.01 2016040718 2016040718       06-01 12:38:56    28.25    12.01
              1       1024          1        4      2      4     0.01 2016040718 2016040718       06-01 14:01:00    25.02    16.48
              1       1024          1        4      3      2     0.01 2016040718 2016040718       06-01 15:30:51    24.77    13.59
              1       1024          1        4      3      3     0.01 2016040718 2016040718       06-02 02:01:28    19.38    11.35
              1       1024          1        4      3      4     0.01 2016040718 2016040718       06-02 12:13:43    41.83    16.18
              1       1024          1        4      4      2     0.01 2016040718 2016040718       06-02 15:50:38    27.91    14.17
              1       1024          1        4      4      3     0.01 2016040718 2016040718       06-02 17:57:08    21.23    15.11
              1       1024          1        4      4      4     0.01 2016040718 2016040718       06-03 00:17:26    28.96    12.18
