 len_local   neighbor_size    num_tcn  nb_stacks       lr start_time   end_time                 time     rmse     mape
         3               2          1          1   0.0001 2016040718 2016040718       04-24 14:16:37    31.22    18.87
         1               1          1          1   0.0001 2016040718 2016040718       04-24 14:32:12    21.78    13.45
         1               1          1          2   0.0001 2016040718 2016040718       04-24 14:38:52    23.89    17.49
         1               1          2          1   0.0001 2016040718 2016040718       04-24 14:47:32    22.81    11.16
         1               1          2          2   0.0001 2016040718 2016040718       04-24 15:01:33    22.48     8.17
         1               2          1          1   0.0001 2016040718 2016040718       04-24 15:11:45    32.58    12.41
         1               2          1          2   0.0001 2016040718 2016040718       04-24 15:29:22    27.74    16.27
         1               2          2          1   0.0001 2016040718 2016040718       04-24 15:40:32    31.25    15.67
         1               2          2          2   0.0001 2016040718 2016040718       04-24 16:06:42    29.48    12.94
         1               3          1          1   0.0001 2016040718 2016040718       04-24 16:20:12    36.07    20.97
         1               3          1          2   0.0001 2016040718 2016040718       04-24 16:33:54    41.25    20.85
         1               3          2          1   0.0001 2016040718 2016040718       04-24 16:46:53    44.34    22.34
         1               3          2          2   0.0001 2016040718 2016040718       04-24 17:22:40    38.62    15.06
         2               1          1          1   0.0001 2016040718 2016040718       04-24 17:27:58    22.17     6.38
         2               1          1          2   0.0001 2016040718 2016040718       04-24 17:37:12    22.11     5.76
         2               1          2          1   0.0001 2016040718 2016040718       04-24 17:47:04    21.06     5.83
         2               1          2          2   0.0001 2016040718 2016040718       04-24 17:57:26    22.58     6.18
         2               2          1          1   0.0001 2016040718 2016040718       04-24 18:11:33    26.63    11.53
         2               2          1          2   0.0001 2016040718 2016040718       04-24 18:22:48    28.91    10.40
         2               2          2          1   0.0001 2016040718 2016040718       04-24 18:35:29    29.34    17.44
         2               2          2          2   0.0001 2016040718 2016040718       04-24 19:08:19    26.83    13.79
         2               3          1          1   0.0001 2016040718 2016040718       04-24 19:26:37    34.56    19.08
         2               3          1          2   0.0001 2016040718 2016040718       04-24 19:44:08    37.10    21.32
         2               3          2          1   0.0001 2016040718 2016040718       04-24 20:08:18    37.82    22.85
         2               3          2          2   0.0001 2016040718 2016040718       04-24 20:28:29    42.27    22.98
         3               1          1          1   0.0001 2016040718 2016040718       04-24 20:39:20    19.87     5.75
         3               1          1          2   0.0001 2016040718 2016040718       04-24 20:45:41    22.64     6.16
         3               1          2          1   0.0001 2016040718 2016040718       04-24 20:51:51    22.73     6.43
         3               1          2          2   0.0001 2016040718 2016040718       04-24 21:02:42    22.83     6.84
         3               2          1          2   0.0001 2016040718 2016040718       04-24 21:22:25    26.43    19.90
         3               2          2          1   0.0001 2016040718 2016040718       04-24 21:39:17    27.73    18.82
         3               2          2          2   0.0001 2016040718 2016040718       04-24 21:52:06    34.44    18.51
         3               3          1          1   0.0001 2016040718 2016040718       04-24 22:07:56    34.76    14.05
         3               3          1          2   0.0001 2016040718 2016040718       04-24 22:25:07    36.40    13.26
         3               3          2          1   0.0001 2016040718 2016040718       04-24 22:38:04    40.56    16.19
         3               3          2          2   0.0001 2016040718 2016040718       04-24 23:01:25    39.33    25.00
         4               1          1          1   0.0001 2016040718 2016040718       04-24 23:09:41    21.40    20.26
         4               1          1          2   0.0001 2016040718 2016040718       04-24 23:18:53    22.30     9.65
         4               1          2          1   0.0001 2016040718 2016040718       04-24 23:26:37    21.92    10.27
         4               1          2          2   0.0001 2016040718 2016040718       04-24 23:37:06    23.93    11.72
         4               2          1          1   0.0001 2016040718 2016040718       04-24 23:49:07    28.61    19.16
         4               2          1          2   0.0001 2016040718 2016040718       04-25 00:01:45    28.75    18.14
         4               2          2          1   0.0001 2016040718 2016040718       04-25 00:14:23    30.61    16.86
         4               2          2          2   0.0001 2016040718 2016040718       04-25 00:32:27    30.61    16.67
         4               3          1          1   0.0001 2016040718 2016040718       04-25 00:41:55    39.72    23.29
         4               3          1          2   0.0001 2016040718 2016040718       04-25 01:01:50    36.40    20.12
         4               3          2          1   0.0001 2016040718 2016040718       04-25 01:24:14    37.69    20.36
         4               3          2          2   0.0001 2016040718 2016040718       04-25 01:56:48    37.51    19.94
         5               1          1          1   0.0001 2016040718 2016040718       04-25 02:02:07    22.82     7.52
         5               1          1          2   0.0001 2016040718 2016040718       04-25 02:19:00    21.35     7.27
         5               1          2          1   0.0001 2016040718 2016040718       04-25 02:29:20    23.09     8.03
         5               1          2          2   0.0001 2016040718 2016040718       04-25 02:38:36    24.82     8.15
         5               2          1          1   0.0001 2016040718 2016040718       04-25 02:48:28    29.16    13.32
         5               2          1          2   0.0001 2016040718 2016040718       04-25 03:04:17    28.48    15.87
         5               2          2          1   0.0001 2016040718 2016040718       04-25 03:18:19    28.18    10.95
         5               2          2          2   0.0001 2016040718 2016040718       04-25 03:35:16    30.49    21.01
         5               3          1          1   0.0001 2016040718 2016040718       04-25 03:50:13    35.33    16.77
         5               3          1          2   0.0001 2016040718 2016040718       04-25 04:15:11    34.69    14.96
         5               3          2          1   0.0001 2016040718 2016040718       04-25 04:35:26    38.30    20.58
         5               3          2          2   0.0001 2016040718 2016040718       04-25 05:06:25    38.64    20.58
         6               1          1          1   0.0001 2016040718 2016040718       04-25 05:15:41    20.78     5.85
         6               1          1          2   0.0001 2016040718 2016040718       04-25 05:25:58    22.91     6.36
         6               1          2          1   0.0001 2016040718 2016040718       04-25 05:30:55    24.58     6.95
         6               1          2          2   0.0001 2016040718 2016040718       04-25 05:45:55    21.89     5.97
         6               2          1          1   0.0001 2016040718 2016040718       04-25 05:59:43    27.64    12.28
         6               2          1          2   0.0001 2016040718 2016040718       04-25 06:11:41    29.64    16.51
         6               2          2          1   0.0001 2016040718 2016040718       04-25 06:24:59    30.09    13.64
         6               2          2          2   0.0001 2016040718 2016040718       04-25 06:41:51    31.93    14.25
         6               3          1          1   0.0001 2016040718 2016040718       04-25 06:53:17    37.99    23.25
         6               3          1          2   0.0001 2016040718 2016040718       04-25 07:15:34    35.65    23.67
         6               3          2          1   0.0001 2016040718 2016040718       04-25 07:33:09    38.32    27.44
         6               3          2          2   0.0001 2016040718 2016040718       04-25 08:14:19    35.91    25.47
         7               1          1          1   0.0001 2016040718 2016040718       04-25 08:20:45    21.91     6.25
         7               1          1          2   0.0001 2016040718 2016040718       04-25 08:31:11    21.46     6.75
         7               1          2          1   0.0001 2016040718 2016040718       04-25 08:36:24    24.61     6.99
         7               1          2          2   0.0001 2016040718 2016040718       04-25 08:49:30    23.71     7.42
         7               2          1          1   0.0001 2016040718 2016040718       04-25 08:59:13    29.33     8.36
         7               2          1          2   0.0001 2016040718 2016040718       04-25 09:14:34    27.45     9.42
         7               2          2          1   0.0001 2016040718 2016040718       04-25 09:23:36    32.97    14.12
         7               2          2          2   0.0001 2016040718 2016040718       04-25 09:42:49    30.89     8.49
         7               3          1          1   0.0001 2016040718 2016040718       04-25 09:58:44    35.28    20.27
         7               3          1          2   0.0001 2016040718 2016040718       04-25 10:16:59    38.17    20.29
         7               3          2          1   0.0001 2016040718 2016040718       04-25 10:39:29    39.24    19.09
         7               3          2          2   0.0001 2016040718 2016040718       04-25 10:53:51    48.36    24.23
         1               1          3          2   0.0001 2016040718 2016040718       05-03 14:28:39    24.47    10.46
         1               1          4          2   0.0001 2016040718 2016040718       05-03 14:40:31    26.57     8.34
         1               2          3          2   0.0001 2016040718 2016040718       05-03 15:01:29    35.20    14.13
         1               2          4          2   0.0001 2016040718 2016040718       05-03 15:41:13    34.34    18.05
         1               3          3          2   0.0001 2016040718 2016040718       05-03 16:32:58    40.51    18.31
         1               3          4          2   0.0001 2016040718 2016040718       05-03 17:08:24    49.17    25.47
         2               1          3          2   0.0001 2016040718 2016040718       05-03 17:24:09    22.60     6.67
         2               1          4          2   0.0001 2016040718 2016040718       05-03 17:46:28    24.63     7.20
         2               2          3          2   0.0001 2016040718 2016040718       05-03 18:17:26    29.75    20.22
         2               2          4          2   0.0001 2016040718 2016040718       05-03 18:33:55    38.57    33.75
         2               3          3          2   0.0001 2016040718 2016040718       05-03 19:01:38    44.07    25.80
         2               3          4          2   0.0001 2016040718 2016040718       05-03 19:54:22    40.90    27.62
         3               1          3          2   0.0001 2016040718 2016040718       05-03 20:07:21    23.32     6.84
         3               1          4          2   0.0001 2016040718 2016040718       05-03 20:15:31   804.06   158.44
         3               2          3          2   0.0001 2016040718 2016040718       05-03 20:29:37    34.55    27.63
         3               2          4          2   0.0001 2016040718 2016040718       05-03 21:00:17    29.96    17.84
         3               3          3          2   0.0001 2016040718 2016040718       05-03 21:28:20    41.45    13.28
         3               3          4          2   0.0001 2016040718 2016040718       05-03 22:00:25    43.28    19.39
         4               1          3          2   0.0001 2016040718 2016040718       05-03 22:10:59   484.88   187.65
         4               1          4          2   0.0001 2016040718 2016040718       05-03 22:17:17   304.09   154.52
         4               2          3          2   0.0001 2016040718 2016040718       05-03 22:22:42   710.92   274.37
         4               2          4          2   0.0001 2016040718 2016040718       05-03 22:29:28   761.29   286.36
         4               3          3          2   0.0001 2016040718 2016040718       05-03 23:00:46    43.06    24.85
         4               3          4          2   0.0001 2016040718 2016040718       05-03 23:07:01   629.02   200.32
         5               1          3          2   0.0001 2016040718 2016040718       05-03 23:12:16   577.26   126.03
         5               1          4          2   0.0001 2016040718 2016040718       05-03 23:18:43   532.46   115.02
         5               2          3          2   0.0001 2016040718 2016040718       05-04 00:02:34    27.78    12.38
         5               2          4          2   0.0001 2016040718 2016040718       05-04 00:09:08   802.40   250.90
         5               3          3          2   0.0001 2016040718 2016040718       05-04 00:43:38    40.46    19.24
         5               3          4          2   0.0001 2016040718 2016040718       05-04 00:49:51   754.46   220.06
         6               1          3          2   0.0001 2016040718 2016040718       05-04 00:54:51   624.49   115.14
         6               1          4          2   0.0001 2016040718 2016040718       05-04 01:01:13   717.54   126.25
         6               2          3          2   0.0001 2016040718 2016040718       05-04 01:06:24   588.06   193.67
         6               2          4          2   0.0001 2016040718 2016040718       05-04 01:13:15   824.52   241.10
         6               3          3          2   0.0001 2016040718 2016040718       05-04 01:19:18   662.05   266.48
         6               3          4          2   0.0001 2016040718 2016040718       05-04 01:28:50   626.82   260.45
         7               1          3          2   0.0001 2016040718 2016040718       05-04 01:35:00   715.06   147.74
         7               1          4          2   0.0001 2016040718 2016040718       05-04 01:41:32   712.46   147.64
         7               2          3          2   0.0001 2016040718 2016040718       05-04 01:49:06   575.57   152.37
         7               2          4          2   0.0001 2016040718 2016040718       05-04 01:55:25   706.64   168.22
         7               3          3          2   0.0001 2016040718 2016040718       05-04 02:37:08    40.40    22.50
         7               3          4          2   0.0001 2016040718 2016040718       05-04 02:43:41   687.19   218.60
         3               1          1          1   0.0001 2016040718 2016040718       06-03 19:28:49    19.98     0.03
