 len_local   neighbor_size    num_tcn  nb_stacks    num_cnn      is_BN       lr start_time   end_time                 time     rmse     mape
         3               2          1          1          6       True   0.0001 2016040718 2016040718       04-24 14:30:43    23.99    25.98
         1               1          1          1          6       True   0.0001 2016040718 2016040718       04-24 14:52:18    20.59    11.34
         1               1          1          2          6       True   0.0001 2016040718 2016040718       04-24 15:17:57    19.55     9.04
         1               1          2          1          6       True   0.0001 2016040718 2016040718       04-24 15:38:44    20.52     7.90
         1               1          2          2          6       True   0.0001 2016040718 2016040718       04-24 16:04:26    20.48     6.57
         1               2          1          1          6       True   0.0001 2016040718 2016040718       04-24 16:16:31    21.63    12.29
         1               2          1          2          6       True   0.0001 2016040718 2016040718       04-24 16:32:36    21.55    14.14
         1               2          2          1          6       True   0.0001 2016040718 2016040718       04-24 16:46:12    21.80    14.95
         1               2          2          2          6       True   0.0001 2016040718 2016040718       04-24 16:59:15    26.90    14.38
         1               3          1          1          6       True   0.0001 2016040718 2016040718       04-24 17:12:27    23.08    13.77
         1               3          1          2          6       True   0.0001 2016040718 2016040718       04-24 17:26:31    23.88    12.07
         1               3          2          1          6       True   0.0001 2016040718 2016040718       04-24 17:39:53    23.41    10.74
         1               3          2          2          6       True   0.0001 2016040718 2016040718       04-24 18:04:29    23.29    11.34
         2               1          1          1          6       True   0.0001 2016040718 2016040718       04-24 18:12:58    19.88     5.41
         2               1          1          2          6       True   0.0001 2016040718 2016040718       04-24 18:27:47    18.87     5.32
         2               1          2          1          6       True   0.0001 2016040718 2016040718       04-24 18:38:24    20.83     5.85
         2               1          2          2          6       True   0.0001 2016040718 2016040718       04-24 18:54:18    21.50     5.66
         2               2          1          1          6       True   0.0001 2016040718 2016040718       04-24 19:10:40    21.90    10.66
         2               2          1          2          6       True   0.0001 2016040718 2016040718       04-24 19:21:23    23.93    12.15
         2               2          2          1          6       True   0.0001 2016040718 2016040718       04-24 19:35:37    23.08    10.73
         2               2          2          2          6       True   0.0001 2016040718 2016040718       04-24 19:56:08    22.46    10.40
         2               3          1          1          6       True   0.0001 2016040718 2016040718       04-24 20:05:15    24.02    16.77
         2               3          1          2          6       True   0.0001 2016040718 2016040718       04-24 20:17:10    25.01    13.81
         2               3          2          1          6       True   0.0001 2016040718 2016040718       04-24 20:34:25    23.83    15.78
         2               3          2          2          6       True   0.0001 2016040718 2016040718       04-24 20:56:04    23.56    13.46
         3               1          1          1          6       True   0.0001 2016040718 2016040718       04-24 21:09:54    20.64     5.65
         3               1          1          2          6       True   0.0001 2016040718 2016040718       04-24 21:27:14    19.37     5.84
         3               1          2          1          6       True   0.0001 2016040718 2016040718       04-24 21:43:06    20.10     6.11
         3               1          2          2          6       True   0.0001 2016040718 2016040718       04-24 22:01:07    20.91     5.99
         3               2          1          2          6       True   0.0001 2016040718 2016040718       04-24 22:15:12    22.12    22.39
         3               2          2          1          6       True   0.0001 2016040718 2016040718       04-24 22:42:13    20.03    20.42
         3               2          2          2          6       True   0.0001 2016040718 2016040718       04-24 23:01:42    22.41    15.88
         3               3          1          1          6       True   0.0001 2016040718 2016040718       04-24 23:23:15    23.15     8.97
         3               3          1          2          6       True   0.0001 2016040718 2016040718       04-24 23:41:05    22.35    12.59
         3               3          2          1          6       True   0.0001 2016040718 2016040718       04-25 00:00:21    22.99    10.43
         3               3          2          2          6       True   0.0001 2016040718 2016040718       04-25 00:24:57    21.85     8.90
         4               1          1          1          6       True   0.0001 2016040718 2016040718       04-25 00:37:53    19.68     5.90
         4               1          1          2          6       True   0.0001 2016040718 2016040718       04-25 00:50:13    19.44     6.15
         4               1          2          1          6       True   0.0001 2016040718 2016040718       04-25 01:08:11    18.88     7.97
         4               1          2          2          6       True   0.0001 2016040718 2016040718       04-25 01:23:33    21.24    10.99
         4               2          1          1          6       True   0.0001 2016040718 2016040718       04-25 01:36:30    21.40    12.65
         4               2          1          2          6       True   0.0001 2016040718 2016040718       04-25 01:54:32    21.88    12.80
         4               2          2          1          6       True   0.0001 2016040718 2016040718       04-25 02:06:42    24.45    22.19
         4               2          2          2          6       True   0.0001 2016040718 2016040718       04-25 02:31:42    22.83    16.07
         4               3          1          1          6       True   0.0001 2016040718 2016040718       04-25 02:46:55    22.80    14.38
         4               3          1          2          6       True   0.0001 2016040718 2016040718       04-25 03:03:39    23.43    11.37
         4               3          2          1          6       True   0.0001 2016040718 2016040718       04-25 03:19:13    23.15    15.54
         4               3          2          2          6       True   0.0001 2016040718 2016040718       04-25 03:35:23    28.56    21.03
         5               1          1          1          6       True   0.0001 2016040718 2016040718       04-25 03:46:08    19.24     7.50
         5               1          1          2          6       True   0.0001 2016040718 2016040718       04-25 03:59:56    19.57     7.44
         5               1          2          1          6       True   0.0001 2016040718 2016040718       04-25 04:16:00    20.46     6.73
         5               1          2          2          6       True   0.0001 2016040718 2016040718       04-25 04:54:28    18.87     7.44
         5               2          1          1          6       True   0.0001 2016040718 2016040718       04-25 05:11:03    20.57    11.53
         5               2          1          2          6       True   0.0001 2016040718 2016040718       04-25 05:30:37    21.04     9.87
         5               2          2          1          6       True   0.0001 2016040718 2016040718       04-25 05:47:03    21.78    13.49
         5               2          2          2          6       True   0.0001 2016040718 2016040718       04-25 06:10:28    21.88     7.89
         5               3          1          1          6       True   0.0001 2016040718 2016040718       04-25 06:29:57    21.24    11.60
         5               3          1          2          6       True   0.0001 2016040718 2016040718       04-25 06:48:31    22.43     9.76
         5               3          2          1          6       True   0.0001 2016040718 2016040718       04-25 07:13:09    21.93    14.52
         5               3          2          2          6       True   0.0001 2016040718 2016040718       04-25 07:30:18    25.48    14.56
         6               1          1          1          6       True   0.0001 2016040718 2016040718       04-25 07:38:45    20.69     5.86
         6               1          1          2          6       True   0.0001 2016040718 2016040718       04-25 07:53:46    19.33     5.76
         6               1          2          1          6       True   0.0001 2016040718 2016040718       04-25 08:13:39    19.24     5.47
         6               1          2          2          6       True   0.0001 2016040718 2016040718       04-25 08:32:52    19.85     6.12
         6               2          1          1          6       True   0.0001 2016040718 2016040718       04-25 08:48:17    20.76    10.15
         6               2          1          2          6       True   0.0001 2016040718 2016040718       04-25 09:01:30    23.56    15.97
         6               2          2          1          6       True   0.0001 2016040718 2016040718       04-25 09:15:36    22.54    10.82
         6               2          2          2          6       True   0.0001 2016040718 2016040718       04-25 09:42:51    21.58    12.00
         6               3          1          1          6       True   0.0001 2016040718 2016040718       04-25 09:56:24    22.85    21.13
         6               3          1          2          6       True   0.0001 2016040718 2016040718       04-25 10:14:59    24.08    16.55
         6               3          2          1          6       True   0.0001 2016040718 2016040718       04-25 10:35:52    21.67    22.36
         6               3          2          2          6       True   0.0001 2016040718 2016040718       04-25 10:55:04    24.84    23.26
         7               1          1          1          6       True   0.0001 2016040718 2016040718       04-25 11:07:34    18.37     5.48
         7               1          1          2          6       True   0.0001 2016040718 2016040718       04-25 11:28:51    19.38     6.21
         7               1          2          1          6       True   0.0001 2016040718 2016040718       04-25 12:02:21    18.93     5.59
         7               1          2          2          6       True   0.0001 2016040718 2016040718       04-25 12:43:37    19.06     5.25
         7               2          1          1          6       True   0.0001 2016040718 2016040718       04-25 13:21:02    20.44     7.52
         7               2          1          2          6       True   0.0001 2016040718 2016040718       04-25 13:51:52    21.76     7.93
         7               2          2          1          6       True   0.0001 2016040718 2016040718       04-25 14:14:52    25.40     8.19
         7               2          2          2          6       True   0.0001 2016040718 2016040718       04-25 14:52:51    22.26     8.42
         7               3          1          1          6       True   0.0001 2016040718 2016040718       04-25 15:22:15    21.96    12.18
         7               3          1          2          6       True   0.0001 2016040718 2016040718       04-25 15:53:16    22.31    14.33
         7               3          2          1          6       True   0.0001 2016040718 2016040718       04-25 16:18:41    24.68    14.63
         7               3          2          2          6       True   0.0001 2016040718 2016040718       04-25 17:02:02    22.98    12.47
         1               1          3          2          6       True   0.0001 2016040718 2016040718       05-03 14:36:43    21.45     6.11
         1               1          4          2          6       True   0.0001 2016040718 2016040718       05-03 15:01:53    22.37    10.98
         1               2          3          2          6       True   0.0001 2016040718 2016040718       05-03 15:38:36    20.86    13.97
         1               2          4          2          6       True   0.0001 2016040718 2016040718       05-03 16:08:14    25.13    13.65
         1               3          3          2          6       True   0.0001 2016040718 2016040718       05-03 16:31:16    25.24    10.31
         1               3          4          2          6       True   0.0001 2016040718 2016040718       05-03 17:07:08    23.41    13.09
         2               1          3          2          6       True   0.0001 2016040718 2016040718       05-03 17:41:44    19.20     5.84
         2               1          4          2          6       True   0.0001 2016040718 2016040718       05-03 17:57:35    25.09     6.72
         2               2          3          2          6       True   0.0001 2016040718 2016040718       05-03 18:23:02    23.11    11.07
         2               2          4          2          6       True   0.0001 2016040718 2016040718       05-03 18:48:56    26.41    11.66
         2               3          3          2          6       True   0.0001 2016040718 2016040718       05-03 19:16:36    26.16    14.86
         2               3          4          2          6       True   0.0001 2016040718 2016040718       05-03 19:43:54    24.52    13.98
         3               1          3          2          6       True   0.0001 2016040718 2016040718       05-03 20:11:22    21.20     6.14
         3               1          4          2          6       True   0.0001 2016040718 2016040718       05-03 20:44:57    20.14     5.97
         3               2          3          2          6       True   0.0001 2016040718 2016040718       05-03 21:07:27    22.44    23.11
         3               2          4          2          6       True   0.0001 2016040718 2016040718       05-03 21:29:40    24.86    17.57
         3               3          3          2          6       True   0.0001 2016040718 2016040718       05-03 21:51:47    27.23    12.46
         3               3          4          2          6       True   0.0001 2016040718 2016040718       05-03 22:35:28    23.08    12.50
         4               1          3          2          6       True   0.0001 2016040718 2016040718       05-03 22:53:45    24.33     8.04
         4               1          4          2          6       True   0.0001 2016040718 2016040718       05-03 23:23:08    20.68    10.20
         4               2          3          2          6       True   0.0001 2016040718 2016040718       05-03 23:51:03    21.35    14.64
         4               2          4          2          6       True   0.0001 2016040718 2016040718       05-04 00:27:18    23.51    19.76
         4               3          3          2          6       True   0.0001 2016040718 2016040718       05-04 01:00:17    22.65    15.41
         4               3          4          2          6       True   0.0001 2016040718 2016040718       05-04 01:37:27    23.39    13.60
         5               1          3          2          6       True   0.0001 2016040718 2016040718       05-04 01:59:50    22.06     8.32
         5               1          4          2          6       True   0.0001 2016040718 2016040718       05-04 02:06:52   713.22   147.80
         5               2          3          2          6       True   0.0001 2016040718 2016040718       05-04 02:37:37    22.09    14.08
         5               2          4          2          6       True   0.0001 2016040718 2016040718       05-04 03:06:21    22.95    12.55
         5               3          3          2          6       True   0.0001 2016040718 2016040718       05-04 03:34:46    23.01    10.39
         5               3          4          2          6       True   0.0001 2016040718 2016040718       05-04 04:11:19    22.86    10.20
         6               1          3          2          6       True   0.0001 2016040718 2016040718       05-04 04:36:14    20.98     6.22
         6               1          4          2          6       True   0.0001 2016040718 2016040718       05-04 05:11:17    19.84     6.09
         6               2          3          2          6       True   0.0001 2016040718 2016040718       05-04 05:41:38    21.79     9.59
         6               2          4          2          6       True   0.0001 2016040718 2016040718       05-04 06:17:32    21.88    11.54
         6               3          3          2          6       True   0.0001 2016040718 2016040718       05-04 06:50:05    22.90    22.46
         6               3          4          2          6       True   0.0001 2016040718 2016040718       05-04 07:19:55    25.56    16.49
         7               1          3          2          6       True   0.0001 2016040718 2016040718       05-04 07:55:37    19.37     5.68
         7               1          4          2          6       True   0.0001 2016040718 2016040718       05-04 08:02:46   398.72    92.36
         7               2          3          2          6       True   0.0001 2016040718 2016040718       05-04 08:33:07    23.49     8.83
         7               2          4          2          6       True   0.0001 2016040718 2016040718       05-04 09:15:06    21.93     7.36
         7               3          3          2          6       True   0.0001 2016040718 2016040718       05-04 09:53:06    22.78    13.43
         7               3          4          2          6       True   0.0001 2016040718 2016040718       05-04 10:42:36    23.12    12.75
         1               1          2          2          6       True   0.0005 2016040718 2016040718       05-12 11:45:23    19.94     6.77
         1               1          2          2          6       True    5e-05 2016040718 2016040718       05-12 11:49:55    18.73     6.59
         1               1          3          2          6       True   0.0005 2016040718 2016040718       05-12 12:01:40    22.49    10.19
         1               1          3          2          6       True    5e-05 2016040718 2016040718       05-12 12:09:24    18.59     7.79
         1               1          4          2          6       True   0.0005 2016040718 2016040718       05-12 12:18:15    21.86     6.37
         1               1          4          2          6       True    5e-05 2016040718 2016040718       05-12 12:25:20    19.58     8.79
         1               2          2          2          6       True   0.0005 2016040718 2016040718       05-12 12:39:46    23.88    17.16
         1               2          2          2          6       True    5e-05 2016040718 2016040718       05-12 12:48:43    19.77    13.98
         1               2          3          2          6       True   0.0005 2016040718 2016040718       05-12 12:55:45    23.57    11.10
         1               2          3          2          6       True    5e-05 2016040718 2016040718       05-12 13:05:39    19.95    13.69
         1               2          4          2          6       True   0.0005 2016040718 2016040718       05-12 13:18:53    21.51    13.62
         1               2          4          2          6       True    5e-05 2016040718 2016040718       05-12 13:27:17    20.21    14.41
         2               1          2          2          6       True   0.0005 2016040718 2016040718       05-12 13:39:59    19.12     5.45
         2               1          2          2          6       True    5e-05 2016040718 2016040718       05-12 13:44:17    17.08     4.61
         2               1          3          2          6       True   0.0005 2016040718 2016040718       05-12 13:54:09    19.40     5.33
         2               1          3          2          6       True    5e-05 2016040718 2016040718       05-12 14:07:27    17.93     4.86
         2               1          4          2          6       True   0.0005 2016040718 2016040718       05-12 14:19:41    21.13     6.08
         2               1          4          2          6       True    5e-05 2016040718 2016040718       05-12 14:28:54    17.85     5.34
         2               2          2          2          6       True   0.0005 2016040718 2016040718       05-12 14:33:02    24.22    14.74
         2               2          2          2          6       True    5e-05 2016040718 2016040718       05-12 14:39:35    20.47    11.15
         2               2          3          2          6       True   0.0005 2016040718 2016040718       05-12 14:45:03    29.61    17.42
         2               2          3          2          6       True    5e-05 2016040718 2016040718       05-12 14:57:46    20.39     8.40
         2               2          4          2          6       True   0.0005 2016040718 2016040718       05-12 15:08:51    23.58     9.94
         2               2          4          2          6       True    5e-05 2016040718 2016040718       05-12 15:17:40    20.24    11.69
         3               1          2          2          6       True   0.0005 2016040718 2016040718       05-12 15:22:47    20.22     6.08
         3               1          2          2          6       True    5e-05 2016040718 2016040718       05-12 15:33:31    17.54     5.23
         3               1          3          2          6       True   0.0005 2016040718 2016040718       05-12 15:56:20    18.78     5.34
         3               1          3          2          6       True    5e-05 2016040718 2016040718       05-12 16:07:44    17.15     5.10
         3               1          4          2          6       True   0.0005 2016040718 2016040718       05-12 16:23:33    19.42     5.95
         3               1          4          2          6       True    5e-05 2016040718 2016040718       05-12 16:33:56    17.77     5.19
         3               2          2          2          6       True   0.0005 2016040718 2016040718       05-12 16:37:56    22.62    18.21
         3               2          2          2          6       True    5e-05 2016040718 2016040718       05-12 16:48:27    19.89    18.38
         3               2          3          2          6       True   0.0005 2016040718 2016040718       05-12 16:59:38    23.12    25.81
         3               2          3          2          6       True    5e-05 2016040718 2016040718       05-12 17:10:49    19.53    19.06
         2               1          2          2          6       True   0.0001 2016040718 2016040718       06-03 19:24:04    17.80     0.02
