region_len    seq_len   neighbor_size start_time   end_time                 time     rmse     mape
       100        100               2 2014092712 2014093024       04-23 20:26:00     7.66    34.10
        50         10               2 2014092712 2014093024       04-23 20:59:14    10.67    52.01
        50         40               2 2014092712 2014093024       04-23 20:59:41    10.04    49.00
        50         70               2 2014092712 2014093024       04-23 21:00:17     9.88    48.28
        50        100               2 2014092712 2014093024       04-23 21:01:05     9.84    48.00
        50        130               2 2014092712 2014093024       04-23 21:01:40     9.79    47.79
       100         10               2 2014092712 2014093024       04-23 21:02:24     8.27    37.56
       100         40               2 2014092712 2014093024       04-23 21:03:12     7.81    34.78
       100         70               2 2014092712 2014093024       04-23 21:04:17     7.74    34.53
       100        130               2 2014092712 2014093024       04-23 21:05:31     7.64    34.03
       150         10               2 2014092712 2014093024       04-23 21:06:40     8.74    40.43
       150         40               2 2014092712 2014093024       04-23 21:07:50     8.43    38.64
       150         70               2 2014092712 2014093024       04-23 21:09:29     8.27    37.80
       150        100               2 2014092712 2014093024       04-23 21:11:13     8.24    37.57
       150        130               2 2014092712 2014093024       04-23 21:12:51     8.20    37.42
       200         10               2 2014092712 2014093024       04-23 21:14:20     8.83    40.48
       200         40               2 2014092712 2014093024       04-23 21:15:45     8.46    38.56
       200         70               2 2014092712 2014093024       04-23 21:17:47     8.29    37.76
       200        100               2 2014092712 2014093024       04-23 21:19:54     8.22    37.32
       200        130               2 2014092712 2014093024       04-23 21:21:53     8.20    37.29
       100        130               2 2014092712 2014093024       06-03 20:12:08     7.64     4.54
