   att_lstm_num     att_lstm_seq_len    lstm_seq_len   flow_gate_len   neighbor_size start_time   end_time                 time     rmse     mape
              3                    7               7               2               3 2014092712 2014092712       05-02 17:02:56     6.04     8.89
              3                    7               7               2               1 2014092712 2014092712       05-03 16:37:53     8.05    16.17
              3                    7               7               2               2 2014092712 2014092712       05-03 16:43:50     8.00    14.91
              3                    3               7               2               1 2014092712 2014092712       05-07 21:26:47     9.07    16.48
              3                    3               7               2               2 2014092712 2014092712       05-07 22:15:40     7.88    13.87
              3                    3               7               2               3 2014092712 2014092712       05-07 22:55:52     6.72     9.07
              3                    5               7               2               1 2014092712 2014092712       05-07 23:24:26     9.67    21.19
              3                    5               7               2               2 2014092712 2014092712       05-08 00:11:55     8.42    14.87
              3                    5               7               2               3 2014092712 2014092712       05-08 01:26:59     6.18     9.15
              3                    7               7               2               3 2014092712 2014092712       06-03 20:33:15     6.19     0.03
              3                    7               7               2               3 2014092712 2014092712       06-03 21:05:42     6.09     0.03
