 len_local   neighbor_size start_time   end_time                 time     rmse     mape
         1               1 2014092712 2014092712       04-23 15:32:12     8.26    15.34
         1               2 2014092712 2014092712       04-23 15:32:20     8.70    13.53
         1               3 2014092712 2014092712       04-23 15:32:30     8.57    13.06
         2               1 2014092712 2014092712       04-23 15:32:40     9.07    17.54
         2               2 2014092712 2014092712       04-23 15:32:50    10.11    16.27
         2               3 2014092712 2014092712       04-23 15:32:59     9.72    14.03
         3               1 2014092712 2014092712       04-23 15:33:07     9.60    14.33
         3               2 2014092712 2014092712       04-23 15:33:16    11.45    19.60
         3               3 2014092712 2014092712       04-23 15:33:27    11.22    16.78
         4               1 2014092712 2014092712       04-23 15:33:36    11.05    18.16
         4               2 2014092712 2014092712       04-23 15:33:46    12.80    20.90
         4               3 2014092712 2014092712       04-23 15:33:56    12.38    18.37
         5               1 2014092712 2014092712       04-23 15:34:07    12.47    23.98
         5               2 2014092712 2014092712       04-23 15:34:18    13.71    24.78
         5               3 2014092712 2014092712       04-23 15:34:28    13.38    20.60
         6               1 2014092712 2014092712       04-23 15:34:39    13.21    23.01
         6               2 2014092712 2014092712       04-23 15:34:50    14.36    21.77
         6               3 2014092712 2014092712       04-23 15:35:02    14.32    21.29
         7               1 2014092712 2014092712       04-23 15:35:13    13.71    20.45
         7               2 2014092712 2014092712       04-23 15:35:25    15.56    27.33
         7               3 2014092712 2014092712       04-23 15:35:40    14.91    22.32
         1               1 2014092712 2014092712       06-03 20:07:35     8.26     0.05
