 len_local   neighbor_size    num_tcn  nb_stacks    num_cnn      is_BN       lr start_time   end_time                 time     rmse     mape
         3               2          1          1          6       True   0.0001 2014092712 2014092712       04-24 14:35:11     6.06     9.05
         1               1          1          1          6       True   0.0001 2014092712 2014092712       04-25 17:38:30     6.20    11.87
         1               1          1          2          6       True   0.0001 2014092712 2014092712       04-25 18:08:03     6.44    11.44
         1               1          2          1          6       True   0.0001 2014092712 2014092712       04-25 18:32:17     6.76    12.05
         1               1          2          2          6       True   0.0001 2014092712 2014092712       04-25 18:40:33     9.86    15.05
         1               2          1          1          6       True   0.0001 2014092712 2014092712       04-25 19:08:13     6.80    10.50
         1               2          1          2          6       True   0.0001 2014092712 2014092712       04-25 19:27:47     7.20    10.13
         1               2          2          1          6       True   0.0001 2014092712 2014092712       04-25 19:44:04     7.28     9.57
         1               2          2          2          6       True   0.0001 2014092712 2014092712       04-25 20:24:18     6.44     9.16
         2               1          1          1          6       True   0.0001 2014092712 2014092712       04-25 21:53:34     6.18     8.91
         2               1          1          2          6       True   0.0001 2014092712 2014092712       04-25 22:04:49     7.82    11.73
         2               1          2          1          6       True   0.0001 2014092712 2014092712       04-25 22:34:29     6.25     8.66
         2               1          2          2          6       True   0.0001 2014092712 2014092712       04-25 23:17:21     6.05     9.03
         2               2          1          1          6       True   0.0001 2014092712 2014092712       04-25 23:42:43     6.69     9.83
         2               2          1          2          6       True   0.0001 2014092712 2014092712       04-26 00:03:18     7.23     9.12
         2               2          2          1          6       True   0.0001 2014092712 2014092712       04-26 00:34:14     6.34     8.09
         2               2          2          2          6       True   0.0001 2014092712 2014092712       04-26 01:01:59     6.74     9.84
         3               1          1          1          6       True   0.0001 2014092712 2014092712       04-26 02:59:19     6.16     6.76
         3               1          1          2          6       True   0.0001 2014092712 2014092712       04-26 03:10:34     7.03     8.43
         3               1          2          1          6       True   0.0001 2014092712 2014092712       04-26 03:30:20     5.91     8.12
         3               1          2          2          6       True   0.0001 2014092712 2014092712       04-26 03:52:20     6.23     7.47
         3               2          1          2          6       True   0.0001 2014092712 2014092712       04-26 04:18:31     6.48     9.88
         3               2          2          1          6       True   0.0001 2014092712 2014092712       04-26 04:37:20     6.64    10.68
         3               2          2          2          6       True   0.0001 2014092712 2014092712       04-26 05:03:42     6.77    11.13
         4               1          1          1          6       True   0.0001 2014092712 2014092712       04-26 06:40:34     6.17     7.46
         4               1          1          2          6       True   0.0001 2014092712 2014092712       04-26 07:05:15     5.97     8.86
         4               1          2          1          6       True   0.0001 2014092712 2014092712       04-26 07:29:06     5.99     7.35
         4               1          2          2          6       True   0.0001 2014092712 2014092712       04-26 07:46:15     6.88     8.56
         4               2          1          1          6       True   0.0001 2014092712 2014092712       04-26 07:57:15     7.50     9.29
         4               2          1          2          6       True   0.0001 2014092712 2014092712       04-26 08:12:39     7.17    10.61
         4               2          2          1          6       True   0.0001 2014092712 2014092712       04-26 08:30:14     6.79     9.82
         4               2          2          2          6       True   0.0001 2014092712 2014092712       04-26 08:44:44     7.78    12.04
         5               1          1          1          6       True   0.0001 2014092712 2014092712       04-26 09:55:57     6.86     9.35
         5               1          1          2          6       True   0.0001 2014092712 2014092712       04-26 10:21:49     7.13    10.61
         5               1          2          1          6       True   0.0001 2014092712 2014092712       04-26 10:37:04     6.50     9.70
         5               1          2          2          6       True   0.0001 2014092712 2014092712       04-26 10:54:00     7.30    10.69
         5               2          1          1          6       True   0.0001 2014092712 2014092712       04-26 11:08:57     7.05    12.12
         5               2          1          2          6       True   0.0001 2014092712 2014092712       04-26 11:43:25     6.26     8.89
         5               2          2          1          6       True   0.0001 2014092712 2014092712       04-26 12:17:59     6.24     9.29
         5               2          2          2          6       True   0.0001 2014092712 2014092712       04-26 12:56:26     6.46    10.21
         6               1          1          1          6       True   0.0001 2014092712 2014092712       04-26 14:34:45     6.23     9.91
         6               1          1          2          6       True   0.0001 2014092712 2014092712       04-26 15:01:59     5.77     8.07
         6               1          2          1          6       True   0.0001 2014092712 2014092712       04-26 15:30:44     5.93     8.36
         6               1          2          2          6       True   0.0001 2014092712 2014092712       04-26 15:48:18     6.75     9.95
         6               2          1          1          6       True   0.0001 2014092712 2014092712       04-26 16:01:37     7.27    10.85
         6               2          1          2          6       True   0.0001 2014092712 2014092712       04-26 16:14:47     7.08    10.16
         6               2          2          1          6       True   0.0001 2014092712 2014092712       04-26 16:35:01     6.44     8.72
         6               2          2          2          6       True   0.0001 2014092712 2014092712       04-26 17:12:39     6.22     9.06
         7               1          1          1          6       True   0.0001 2014092712 2014092712       04-26 18:59:23     6.07     7.44
         7               1          1          2          6       True   0.0001 2014092712 2014092712       04-26 19:27:57     6.29     8.46
         7               1          2          1          6       True   0.0001 2014092712 2014092712       04-26 19:51:41     6.26     7.93
         7               1          2          2          6       True   0.0001 2014092712 2014092712       04-26 20:04:00     7.96    11.87
         7               2          1          1          6       True   0.0001 2014092712 2014092712       04-26 20:17:18     6.90     9.30
         7               2          1          2          6       True   0.0001 2014092712 2014092712       04-26 20:50:19     6.28     9.87
         7               2          2          1          6       True   0.0001 2014092712 2014092712       04-26 21:14:40     6.51     9.43
         7               2          2          2          6       True   0.0001 2014092712 2014092712       04-26 21:52:32     6.03     8.27
         1               1          3          2          6       True   0.0001 2014092712 2014092712       05-04 11:09:18     6.87    10.37
         1               1          4          2          6       True   0.0001 2014092712 2014092712       05-04 11:25:16     8.37    12.93
         1               2          3          2          6       True   0.0001 2014092712 2014092712       05-04 11:39:58     7.45    10.59
         1               2          4          2          6       True   0.0001 2014092712 2014092712       05-04 12:00:16     7.54    11.24
         2               1          3          2          6       True   0.0001 2014092712 2014092712       05-04 12:43:10     6.88    10.81
         2               1          4          2          6       True   0.0001 2014092712 2014092712       05-04 12:56:18     7.40    13.30
         2               2          3          2          6       True   0.0001 2014092712 2014092712       05-04 13:21:19     6.68     9.77
         2               2          4          2          6       True   0.0001 2014092712 2014092712       05-04 13:47:39     6.92     9.70
         3               1          3          2          6       True   0.0001 2014092712 2014092712       05-04 14:59:14     6.83     9.68
         3               1          4          2          6       True   0.0001 2014092712 2014092712       05-04 15:10:49    93.30    76.46
         3               2          3          2          6       True   0.0001 2014092712 2014092712       05-04 15:41:42     6.61    10.08
         3               2          4          2          6       True   0.0001 2014092712 2014092712       05-04 16:27:59     6.20     8.78
         4               1          3          2          6       True   0.0001 2014092712 2014092712       05-04 17:32:28     6.86    10.13
         4               1          4          2          6       True   0.0001 2014092712 2014092712       05-04 17:48:19    92.03    82.17
         4               2          3          2          6       True   0.0001 2014092712 2014092712       05-04 18:13:16     6.49     8.52
         4               2          4          2          6       True   0.0001 2014092712 2014092712       05-04 19:07:44     6.01     8.11
         5               1          3          2          6       True   0.0001 2014092712 2014092712       05-04 20:44:17     6.07     9.79
         5               1          4          2          6       True   0.0001 2014092712 2014092712       05-04 20:49:23   115.03    97.97
         5               2          3          2          6       True   0.0001 2014092712 2014092712       05-04 21:20:02     7.00     9.02
         5               2          4          2          6       True   0.0001 2014092712 2014092712       05-04 21:33:12   180.32   149.36
         6               1          3          2          6       True   0.0001 2014092712 2014092712       05-04 23:09:07     6.55     9.65
         6               1          4          2          6       True   0.0001 2014092712 2014092712       05-04 23:27:14     7.38    10.84
         6               2          3          2          6       True   0.0001 2014092712 2014092712       05-04 23:50:01     6.82    10.05
         6               2          4          2          6       True   0.0001 2014092712 2014092712       05-05 00:35:34     6.30     8.24
         7               1          3          2          6       True   0.0001 2014092712 2014092712       05-05 01:40:32     7.53    10.38
         7               1          4          2          6       True   0.0001 2014092712 2014092712       05-05 01:51:08   126.57    90.71
         7               2          3          2          6       True   0.0001 2014092712 2014092712       05-05 02:10:21     7.29    11.52
         7               2          4          2          6       True   0.0001 2014092712 2014092712       05-05 02:16:01   132.14   108.86
         3               1          2          1          6       True   0.0001 2014092712 2014092712       06-04 10:55:55     5.92     4.55
