len_global  len_local   neighbor_size   res   cnn       lr    BN start_time   end_time                 time     rmse     mape
         7          4               2    12     6   0.0001  True 2014092712 2014092712       04-24 14:14:20     6.81     9.43
         1          1               1    12     6   0.0001  True 2014092709 2014092709       04-30 06:17:54     7.09    10.41
         1          1               2    12     6   0.0001  True 2014092709 2014092709       04-30 06:37:28     6.84    10.14
         1          1               3    12     6   0.0001  True 2014092709 2014092709       04-30 06:51:24     6.06     8.10
         1          2               1    12     6   0.0001  True 2014092709 2014092709       04-30 07:09:28     6.87    12.33
         1          2               2    12     6   0.0001  True 2014092709 2014092709       04-30 07:29:59     6.63     8.34
         1          2               3    12     6   0.0001  True 2014092709 2014092709       04-30 07:46:33     5.79     7.26
         1          3               1    12     6   0.0001  True 2014092709 2014092709       04-30 08:14:54     6.05     7.79
         1          3               2    12     6   0.0001  True 2014092709 2014092709       04-30 08:42:25     6.05     7.36
         1          3               3    12     6   0.0001  True 2014092709 2014092709       04-30 09:01:05     5.88     7.74
         1          4               1    12     6   0.0001  True 2014092709 2014092709       04-30 09:28:20     6.50    11.67
         1          4               2    12     6   0.0001  True 2014092709 2014092709       04-30 09:53:08     6.44     8.68
         1          4               3    12     6   0.0001  True 2014092709 2014092709       04-30 10:19:32     5.70     7.43
         1          5               1    12     6   0.0001  True 2014092709 2014092709       04-30 11:06:26     6.17     8.51
         1          5               2    12     6   0.0001  True 2014092709 2014092709       04-30 11:31:36     7.04    10.72
         1          5               3    12     6   0.0001  True 2014092709 2014092709       04-30 12:01:47     5.41     6.76
         1          6               1    12     6   0.0001  True 2014092709 2014092709       04-30 12:18:05     6.35     8.39
         1          6               2    12     6   0.0001  True 2014092709 2014092709       04-30 12:39:08     6.45     9.40
         1          6               3    12     6   0.0001  True 2014092709 2014092709       04-30 13:05:18     5.34     6.95
         1          7               1    12     6   0.0001  True 2014092709 2014092709       04-30 13:19:37     6.84    12.23
         1          7               2    12     6   0.0001  True 2014092709 2014092709       04-30 13:29:23     7.48    12.86
         1          7               3    12     6   0.0001  True 2014092709 2014092709       04-30 13:47:06     5.70     7.45
         2          1               1    12     6   0.0001  True 2014092709 2014092709       04-30 14:11:34     6.62    12.09
         2          1               2    12     6   0.0001  True 2014092709 2014092709       04-30 14:34:26     6.10     8.96
         2          1               3    12     6   0.0001  True 2014092709 2014092709       04-30 15:03:50     5.39     7.10
         2          2               1    12     6   0.0001  True 2014092709 2014092709       04-30 15:22:00     6.76    10.62
         2          2               2    12     6   0.0001  True 2014092709 2014092709       04-30 15:44:35     6.79    11.81
         2          2               3    12     6   0.0001  True 2014092709 2014092709       04-30 16:01:13     5.84     7.60
         2          3               1    12     6   0.0001  True 2014092709 2014092709       04-30 16:22:18     6.17     9.35
         2          3               2    12     6   0.0001  True 2014092709 2014092709       04-30 16:38:59     6.41     9.23
         2          3               3    12     6   0.0001  True 2014092709 2014092709       04-30 17:05:36     5.57     7.01
         2          4               1    12     6   0.0001  True 2014092709 2014092709       04-30 17:25:39     6.39     7.74
         2          4               2    12     6   0.0001  True 2014092709 2014092709       04-30 17:53:20     6.30     9.09
         2          4               3    12     6   0.0001  True 2014092709 2014092709       04-30 18:14:50     5.60     7.31
         2          5               1    12     6   0.0001  True 2014092709 2014092709       04-30 18:29:13     7.14    14.25
         2          5               2    12     6   0.0001  True 2014092709 2014092709       04-30 18:47:09     6.30     9.09
         2          5               3    12     6   0.0001  True 2014092709 2014092709       04-30 19:03:02     5.84     7.00
         2          6               1    12     6   0.0001  True 2014092709 2014092709       04-30 19:18:24     6.20     8.01
         2          6               2    12     6   0.0001  True 2014092709 2014092709       04-30 19:33:21     6.49     9.06
         2          6               3    12     6   0.0001  True 2014092709 2014092709       04-30 19:59:44     5.40     6.65
         2          7               1    12     6   0.0001  True 2014092709 2014092709       04-30 20:29:54     5.91     7.22
         2          7               2    12     6   0.0001  True 2014092709 2014092709       04-30 20:53:14     5.92     8.31
         2          7               3    12     6   0.0001  True 2014092709 2014092709       04-30 21:10:36     5.74     7.20
         3          1               1    12     6   0.0001  True 2014092710 2014092710       04-30 21:25:40     7.38    15.77
         3          1               2    12     6   0.0001  True 2014092710 2014092710       04-30 21:42:08     6.74     9.86
         3          1               3    12     6   0.0001  True 2014092710 2014092710       04-30 21:59:53     5.75     7.24
         3          2               1    12     6   0.0001  True 2014092710 2014092710       04-30 22:11:55     7.20    11.16
         3          2               2    12     6   0.0001  True 2014092710 2014092710       04-30 22:26:17     6.90     9.84
         3          2               3    12     6   0.0001  True 2014092710 2014092710       04-30 22:43:27     6.17     8.36
         3          3               1    12     6   0.0001  True 2014092710 2014092710       04-30 23:01:47     6.53    11.02
         3          3               2    12     6   0.0001  True 2014092710 2014092710       04-30 23:16:46     7.15    10.64
         3          3               3    12     6   0.0001  True 2014092710 2014092710       04-30 23:36:07     5.79     6.89
         3          4               1    12     6   0.0001  True 2014092710 2014092710       04-30 23:55:55     6.38    10.12
         3          4               2    12     6   0.0001  True 2014092710 2014092710       05-01 00:07:27     6.95     9.36
         3          4               3    12     6   0.0001  True 2014092710 2014092710       05-01 00:23:00     5.93     8.67
         3          5               1    12     6   0.0001  True 2014092710 2014092710       05-01 00:39:26     6.68     9.46
         3          5               2    12     6   0.0001  True 2014092710 2014092710       05-01 00:57:16     6.25     8.52
         3          5               3    12     6   0.0001  True 2014092710 2014092710       05-01 01:17:58     5.77     7.66
         3          6               1    12     6   0.0001  True 2014092710 2014092710       05-01 01:36:24     6.02     9.73
         3          6               2    12     6   0.0001  True 2014092710 2014092710       05-01 01:50:55     6.89    10.03
         3          6               3    12     6   0.0001  True 2014092710 2014092710       05-01 02:06:01     6.28     8.32
         3          7               1    12     6   0.0001  True 2014092710 2014092710       05-01 02:30:29     6.26    10.77
         3          7               2    12     6   0.0001  True 2014092710 2014092710       05-01 02:53:39     5.88     7.13
         3          7               3    12     6   0.0001  True 2014092710 2014092710       05-01 03:13:50     5.86     7.69
         4          1               1    12     6   0.0001  True 2014092710 2014092710       05-01 03:37:08     6.44    11.72
         4          1               2    12     6   0.0001  True 2014092710 2014092710       05-01 03:51:29     7.10    10.89
         4          1               3    12     6   0.0001  True 2014092710 2014092710       05-01 04:09:44     5.66     6.77
         4          2               1    12     6   0.0001  True 2014092710 2014092710       05-01 04:25:36     6.71    10.33
         4          2               2    12     6   0.0001  True 2014092710 2014092710       05-01 04:35:33     7.55    11.98
         4          2               3    12     6   0.0001  True 2014092710 2014092710       05-01 04:57:19     5.64     7.37
         4          3               1    12     6   0.0001  True 2014092710 2014092710       05-01 05:11:29     6.86    10.67
         4          3               2    12     6   0.0001  True 2014092710 2014092710       05-01 05:30:19     6.37     9.63
         4          3               3    12     6   0.0001  True 2014092710 2014092710       05-01 05:48:18     5.89     8.23
         4          4               1    12     6   0.0001  True 2014092710 2014092710       05-01 06:00:56     6.91    11.21
         4          4               2    12     6   0.0001  True 2014092710 2014092710       05-01 06:15:51     6.57    10.00
         4          4               3    12     6   0.0001  True 2014092710 2014092710       05-01 06:30:56     6.01     7.89
         4          5               1    12     6   0.0001  True 2014092710 2014092710       05-01 06:48:30     6.32     9.62
         4          5               2    12     6   0.0001  True 2014092710 2014092710       05-01 07:00:04     7.42    12.73
         4          5               3    12     6   0.0001  True 2014092710 2014092710       05-01 07:11:58     6.48     8.80
         4          6               1    12     6   0.0001  True 2014092710 2014092710       05-01 07:29:02     6.54    10.44
         4          6               2    12     6   0.0001  True 2014092710 2014092710       05-01 07:52:04     6.75    10.85
         4          6               3    12     6   0.0001  True 2014092710 2014092710       05-01 08:21:43     5.28     6.49
         4          7               1    12     6   0.0001  True 2014092710 2014092710       05-01 08:37:05     6.72     9.47
         4          7               2    12     6   0.0001  True 2014092710 2014092710       05-01 08:58:46     6.24     9.33
         4          7               3    12     6   0.0001  True 2014092710 2014092710       05-01 09:31:29     5.36     6.98
         5          1               1    12     6   0.0001  True 2014092711 2014092711       05-01 09:47:49     6.70     9.66
         5          1               2    12     6   0.0001  True 2014092711 2014092711       05-01 10:03:37     6.63     8.74
         5          1               3    12     6   0.0001  True 2014092711 2014092711       05-01 10:24:43     5.91     7.94
         5          2               1    12     6   0.0001  True 2014092711 2014092711       05-01 10:38:10     7.28    10.27
         5          2               2    12     6   0.0001  True 2014092711 2014092711       05-01 10:56:02     6.56     9.37
         5          2               3    12     6   0.0001  True 2014092711 2014092711       05-01 11:04:56     7.54    10.96
         5          3               1    12     6   0.0001  True 2014092711 2014092711       05-01 11:19:21     6.98     9.77
         5          3               2    12     6   0.0001  True 2014092711 2014092711       05-01 11:36:39     6.94    10.62
         5          3               3    12     6   0.0001  True 2014092711 2014092711       05-01 11:51:06     6.28     8.79
         5          4               1    12     6   0.0001  True 2014092711 2014092711       05-01 12:02:08     6.95     9.65
         5          4               2    12     6   0.0001  True 2014092711 2014092711       05-01 12:23:09     6.56     9.79
         5          4               3    12     6   0.0001  True 2014092711 2014092711       05-01 12:34:08     6.51     7.93
         5          5               1    12     6   0.0001  True 2014092711 2014092711       05-01 12:51:59     6.31    11.58
         5          5               2    12     6   0.0001  True 2014092711 2014092711       05-01 13:02:55     7.80    13.88
         5          5               3    12     6   0.0001  True 2014092711 2014092711       05-01 13:16:13     6.55     9.30
         5          6               1    12     6   0.0001  True 2014092711 2014092711       05-01 13:26:39     7.18     9.75
         5          6               2    12     6   0.0001  True 2014092711 2014092711       05-01 13:37:18     7.22    10.00
         5          6               3    12     6   0.0001  True 2014092711 2014092711       05-01 13:57:51     5.67     7.58
         5          7               1    12     6   0.0001  True 2014092711 2014092711       05-01 14:17:45     6.19     9.92
         5          7               2    12     6   0.0001  True 2014092711 2014092711       05-01 14:38:23     6.22     9.28
         5          7               3    12     6   0.0001  True 2014092711 2014092711       05-01 14:57:05     5.70     7.79
         6          1               1    12     6   0.0001  True 2014092711 2014092711       05-01 15:07:47     7.38    11.13
         6          1               2    12     6   0.0001  True 2014092711 2014092711       05-01 15:24:48     6.61     9.12
         6          1               3    12     6   0.0001  True 2014092711 2014092711       05-01 15:38:46     6.04     8.47
         6          2               1    12     6   0.0001  True 2014092711 2014092711       05-01 15:58:09     6.72    12.21
         6          2               2    12     6   0.0001  True 2014092711 2014092711       05-01 16:16:53     6.50     9.31
         6          2               3    12     6   0.0001  True 2014092711 2014092711       05-01 16:31:56     6.53     8.96
         6          3               1    12     6   0.0001  True 2014092711 2014092711       05-01 16:40:12     8.09    15.54
         6          3               2    12     6   0.0001  True 2014092711 2014092711       05-01 16:52:37     7.12    10.08
         6          3               3    12     6   0.0001  True 2014092711 2014092711       05-01 17:07:13     6.12     7.81
         6          4               1    12     6   0.0001  True 2014092711 2014092711       05-01 17:21:26     6.80    11.35
         6          4               2    12     6   0.0001  True 2014092711 2014092711       05-01 17:32:45     7.30    10.88
         6          4               3    12     6   0.0001  True 2014092711 2014092711       05-01 17:45:31     6.29     9.32
         6          5               1    12     6   0.0001  True 2014092711 2014092711       05-01 18:06:17     6.63    11.77
         6          5               2    12     6   0.0001  True 2014092711 2014092711       05-01 18:26:49     6.14     9.03
         6          5               3    12     6   0.0001  True 2014092711 2014092711       05-01 18:49:16     5.65     8.33
         6          6               1    12     6   0.0001  True 2014092711 2014092711       05-01 19:10:05     6.15    11.11
         6          6               2    12     6   0.0001  True 2014092711 2014092711       05-01 19:25:43     6.91    10.88
         6          6               3    12     6   0.0001  True 2014092711 2014092711       05-01 19:45:36     6.11     8.84
         6          7               1    12     6   0.0001  True 2014092711 2014092711       05-01 19:59:15     6.70    10.00
         6          7               2    12     6   0.0001  True 2014092711 2014092711       05-01 20:14:56     6.56     8.26
         6          7               3    12     6   0.0001  True 2014092711 2014092711       05-01 20:27:26     6.41     9.01
         7          1               1    12     6   0.0001  True 2014092712 2014092712       05-01 20:44:47     7.18    15.79
         7          1               2    12     6   0.0001  True 2014092712 2014092712       05-01 20:57:07     7.48    11.09
         7          1               3    12     6   0.0001  True 2014092712 2014092712       05-01 21:18:15     6.18     9.11
         7          2               1    12     6   0.0001  True 2014092712 2014092712       05-01 21:29:10     7.21    12.57
         7          2               2    12     6   0.0001  True 2014092712 2014092712       05-01 21:44:31     7.45    11.36
         7          2               3    12     6   0.0001  True 2014092712 2014092712       05-01 21:57:02     6.57     7.72
         7          3               1    12     6   0.0001  True 2014092712 2014092712       05-01 22:20:34     6.06     8.12
         7          3               2    12     6   0.0001  True 2014092712 2014092712       05-01 22:41:38     6.94    10.67
         7          3               3    12     6   0.0001  True 2014092712 2014092712       05-01 22:52:17     6.66     9.57
         7          4               1    12     6   0.0001  True 2014092712 2014092712       05-01 23:08:49     6.47     8.46
         7          4               3    12     6   0.0001  True 2014092712 2014092712       05-01 23:30:29     6.25     8.86
         7          5               1    12     6   0.0001  True 2014092712 2014092712       05-01 23:48:44     6.73     9.90
         7          5               2    12     6   0.0001  True 2014092712 2014092712       05-02 00:03:39     6.68     9.03
         7          5               3    12     6   0.0001  True 2014092712 2014092712       05-02 00:16:00     6.41     9.05
         7          6               1    12     6   0.0001  True 2014092712 2014092712       05-02 00:26:15     7.47    11.98
         7          6               2    12     6   0.0001  True 2014092712 2014092712       05-02 00:44:21     6.31     9.12
         7          6               3    12     6   0.0001  True 2014092712 2014092712       05-02 01:06:38     5.51     7.10
         7          7               1    12     6   0.0001  True 2014092712 2014092712       05-02 01:24:09     6.86    10.05
         7          7               2    12     6   0.0001  True 2014092712 2014092712       05-02 01:35:01     7.28    11.54
         7          7               3    12     6   0.0001  True 2014092712 2014092712       05-02 01:45:30     7.12     9.94
