len_global  len_local   neighbor_size   res   cnn   tcn  nb_stacks       lr    BN start_time   end_time                 time     rmse     mape
         1          1               1    12     6     2          2   0.0001  True 2014092709 2014092709       05-09 15:20:23     6.81     9.40
         1          1               1    12     6     3          2   0.0001  True 2014092709 2014092709       05-09 15:42:23     8.19    11.64
         1          1               1    12     6     4          2   0.0001  True 2014092709 2014092709       05-09 16:21:25     6.97    10.47
         1          1               2    12     6     2          2   0.0001  True 2014092709 2014092709       05-09 16:43:46     8.09    10.58
         1          1               2    12     6     3          2   0.0001  True 2014092709 2014092709       05-09 17:21:16     6.81    10.40
         1          1               2    12     6     4          2   0.0001  True 2014092709 2014092709       05-09 18:09:31     6.70     8.84
         1          2               1    12     6     2          2   0.0001  True 2014092709 2014092709       05-09 18:48:16     6.32    10.69
         1          2               1    12     6     3          2   0.0001  True 2014092709 2014092709       05-09 19:01:06    41.58    55.68
         1          2               1    12     6     4          2   0.0001  True 2014092709 2014092709       05-09 19:13:35    20.51    44.57
         1          2               2    12     6     2          2   0.0001  True 2014092709 2014092709       05-09 19:58:07     6.29     7.83
         1          2               2    12     6     3          2   0.0001  True 2014092709 2014092709       05-09 20:44:03     6.33     8.40
         1          2               2    12     6     4          2   0.0001  True 2014092709 2014092709       05-09 21:41:35     5.89     8.35
         1          3               1    12     6     2          2   0.0001  True 2014092709 2014092709       05-09 22:09:45     6.35     7.58
         1          3               1    12     6     3          2   0.0001  True 2014092709 2014092709       05-09 22:33:05     7.84     9.62
         1          3               1    12     6     4          2   0.0001  True 2014092709 2014092709       05-09 22:55:48   113.70    90.47
         1          3               2    12     6     2          2   0.0001  True 2014092709 2014092709       05-09 23:41:39     6.02     7.21
         1          3               2    12     6     3          2   0.0001  True 2014092709 2014092709       05-10 00:32:53     6.20     8.21
         1          3               2    12     6     4          2   0.0001  True 2014092709 2014092709       05-10 01:53:43     6.25     7.62
         1          4               1    12     6     2          2   0.0001  True 2014092709 2014092709       05-10 02:18:44     6.48    12.79
         1          4               1    12     6     3          2   0.0001  True 2014092709 2014092709       05-10 02:41:19     8.92    16.20
         1          4               1    12     6     4          2   0.0001  True 2014092709 2014092709       05-10 03:40:54     6.27    13.30
         1          4               2    12     6     2          2   0.0001  True 2014092709 2014092709       05-10 04:24:36     6.04     8.99
         1          4               2    12     6     3          2   0.0001  True 2014092709 2014092709       05-10 05:12:33     5.98     8.52
         1          4               2    12     6     4          2   0.0001  True 2014092709 2014092709       05-10 05:57:37     6.54     8.50
         1          5               1    12     6     2          2   0.0001  True 2014092709 2014092709       05-10 06:16:57    40.59    35.84
         1          5               1    12     6     3          2   0.0001  True 2014092709 2014092709       05-10 06:40:28     7.07     9.34
         1          5               1    12     6     4          2   0.0001  True 2014092709 2014092709       05-10 06:53:30    62.59    62.40
         1          5               2    12     6     2          2   0.0001  True 2014092709 2014092709       05-10 07:19:17     6.90     9.70
         1          5               2    12     6     3          2   0.0001  True 2014092709 2014092709       05-10 08:07:13     6.18     9.98
         1          5               2    12     6     4          2   0.0001  True 2014092709 2014092709       05-10 09:16:15     5.97     8.79
         1          6               1    12     6     2          2   0.0001  True 2014092709 2014092709       05-10 09:48:21     5.98     7.62
         1          6               1    12     6     3          2   0.0001  True 2014092709 2014092709       05-10 10:10:50     6.84     9.23
         1          6               1    12     6     4          2   0.0001  True 2014092709 2014092709       05-10 10:23:01    61.21    54.56
         1          6               2    12     6     2          2   0.0001  True 2014092709 2014092709       05-10 11:01:01     6.42     9.00
         1          6               2    12     6     3          2   0.0001  True 2014092709 2014092709       05-10 11:38:21     6.60     8.81
         1          6               2    12     6     4          2   0.0001  True 2014092709 2014092709       05-10 12:32:30     6.37     9.22
         1          7               1    12     6     2          2   0.0001  True 2014092709 2014092709       05-10 13:02:37     6.03     9.48
         1          7               1    12     6     3          2   0.0001  True 2014092709 2014092709       05-10 13:33:30     6.89    12.24
         1          7               1    12     6     4          2   0.0001  True 2014092709 2014092709       05-10 14:25:01     6.50    11.01
         1          7               2    12     6     2          2   0.0001  True 2014092709 2014092709       05-10 15:07:43     6.06     8.94
         1          7               2    12     6     3          2   0.0001  True 2014092709 2014092709       05-10 15:53:40     6.36    10.35
         1          7               2    12     6     4          2   0.0001  True 2014092709 2014092709       05-10 16:05:06    95.11    83.01
         2          1               1    12     6     2          2   0.0001  True 2014092709 2014092709       05-10 16:21:45     7.92    12.59
         2          1               1    12     6     3          2   0.0001  True 2014092709 2014092709       05-10 16:45:26     7.34    12.97
         2          1               1    12     6     4          2   0.0001  True 2014092709 2014092709       05-10 17:03:47     7.89    13.47
         2          1               2    12     6     2          2   0.0001  True 2014092709 2014092709       05-10 17:39:29     6.43     9.67
         2          1               2    12     6     3          2   0.0001  True 2014092709 2014092709       05-10 18:23:33     6.43     9.56
         2          1               2    12     6     4          2   0.0001  True 2014092709 2014092709       05-10 19:03:50     7.03     9.47
         2          2               1    12     6     2          2   0.0001  True 2014092709 2014092709       05-10 19:17:18     7.83    10.54
         2          2               1    12     6     3          2   0.0001  True 2014092709 2014092709       05-10 19:48:48     6.54    10.51
         2          2               1    12     6     4          2   0.0001  True 2014092709 2014092709       05-10 20:17:09     7.74    12.09
         2          2               2    12     6     2          2   0.0001  True 2014092709 2014092709       05-10 20:45:36     6.90    10.57
         2          2               2    12     6     3          2   0.0001  True 2014092709 2014092709       05-10 20:51:19    48.75    59.18
         2          2               2    12     6     4          2   0.0001  True 2014092709 2014092709       05-10 21:49:21     6.37     9.65
         2          3               1    12     6     2          2   0.0001  True 2014092709 2014092709       05-10 22:03:21     8.07    10.93
         2          3               1    12     6     3          2   0.0001  True 2014092709 2014092709       05-10 22:16:10    40.92    49.47
         2          3               1    12     6     4          2   0.0001  True 2014092709 2014092709       05-10 22:31:25    61.92    62.34
         2          3               2    12     6     2          2   0.0001  True 2014092709 2014092709       05-10 23:01:01     6.44     8.86
         2          3               2    12     6     3          2   0.0001  True 2014092709 2014092709       05-10 23:49:46     6.29     9.22
         2          3               2    12     6     4          2   0.0001  True 2014092709 2014092709       05-11 00:28:43     6.56     8.55
         2          4               1    12     6     2          2   0.0001  True 2014092709 2014092709       05-11 01:00:53     6.52     7.99
         2          4               1    12     6     3          2   0.0001  True 2014092709 2014092709       05-11 01:28:40     6.63     8.49
         2          4               1    12     6     4          2   0.0001  True 2014092709 2014092709       05-11 01:56:50     6.88     9.55
         2          4               2    12     6     2          2   0.0001  True 2014092709 2014092709       05-11 02:49:30     6.13     7.99
         2          4               2    12     6     3          2   0.0001  True 2014092709 2014092709       05-11 03:23:40     6.93     9.82
         2          4               2    12     6     4          2   0.0001  True 2014092709 2014092709       05-11 04:00:31     6.78     9.74
         2          5               1    12     6     2          2   0.0001  True 2014092709 2014092709       05-11 04:20:12     7.09    13.41
         2          5               1    12     6     3          2   0.0001  True 2014092709 2014092709       05-11 04:44:03    21.15    49.51
         2          5               1    12     6     4          2   0.0001  True 2014092709 2014092709       05-11 04:54:41   113.87   104.61
         2          5               2    12     6     2          2   0.0001  True 2014092709 2014092709       05-11 05:26:21     6.46     9.12
         2          5               2    12     6     3          2   0.0001  True 2014092709 2014092709       05-11 06:12:09     6.28     9.05
         2          5               2    12     6     4          2   0.0001  True 2014092709 2014092709       05-11 06:24:09    82.93    72.80
         2          6               1    12     6     2          2   0.0001  True 2014092709 2014092709       05-11 06:45:19     6.67     9.52
         2          6               1    12     6     3          2   0.0001  True 2014092709 2014092709       05-11 07:03:00    34.66    31.55
         2          6               1    12     6     4          2   0.0001  True 2014092709 2014092709       05-11 07:26:26    50.79    55.84
         2          6               2    12     6     2          2   0.0001  True 2014092709 2014092709       05-11 08:08:26     5.99     8.01
         2          6               2    12     6     3          2   0.0001  True 2014092709 2014092709       05-11 08:54:09     6.09     8.40
         2          6               2    12     6     4          2   0.0001  True 2014092709 2014092709       05-11 09:42:19     6.55     9.67
         2          7               1    12     6     2          2   0.0001  True 2014092709 2014092709       05-11 10:09:19     6.34     8.39
         2          7               1    12     6     3          2   0.0001  True 2014092709 2014092709       05-11 10:39:07     6.41     8.53
         2          7               1    12     6     4          2   0.0001  True 2014092709 2014092709       05-11 11:00:08    37.45    34.48
         2          7               2    12     6     2          2   0.0001  True 2014092709 2014092709       05-11 11:26:38     6.59     9.31
         2          7               2    12     6     3          2   0.0001  True 2014092709 2014092709       05-11 12:14:16     6.10     7.63
         2          7               2    12     6     4          2   0.0001  True 2014092709 2014092709       05-11 12:59:32     6.31     9.01
         3          1               1    12     6     2          2   0.0001  True 2014092710 2014092710       05-11 21:21:50     7.05    11.54
         3          1               1    12     6     3          2   0.0001  True 2014092710 2014092710       05-11 21:44:42     7.96    12.97
         3          1               1    12     6     4          2   0.0001  True 2014092710 2014092710       05-11 22:10:04     7.44    13.03
         3          1               2    12     6     2          2   0.0001  True 2014092710 2014092710       05-11 22:38:07     7.68    11.77
         3          1               2    12     6     3          2   0.0001  True 2014092710 2014092710       05-11 23:08:21     7.04     9.13
         3          1               2    12     6     4          2   0.0001  True 2014092710 2014092710       05-11 23:36:18     7.78    11.66
         3          2               1    12     6     2          2   0.0001  True 2014092710 2014092710       05-11 23:59:25     7.04     9.29
         3          2               1    12     6     3          2   0.0001  True 2014092710 2014092710       05-12 00:16:32     7.88    11.76
         3          2               1    12     6     4          2   0.0001  True 2014092710 2014092710       05-12 01:10:44     6.26     8.73
         3          2               2    12     6     2          2   0.0001  True 2014092710 2014092710       05-12 01:29:35     7.32    10.50
         3          2               2    12     6     3          2   0.0001  True 2014092710 2014092710       05-12 02:01:35     6.86     9.76
         3          2               2    12     6     4          2   0.0001  True 2014092710 2014092710       05-12 02:31:22     7.13     9.66
         3          3               1    12     6     2          2   0.0001  True 2014092710 2014092710       05-12 03:01:25     6.36     8.59
         3          3               1    12     6     3          2   0.0001  True 2014092710 2014092710       05-12 03:22:58     7.30    10.44
         3          3               1    12     6     4          2   0.0001  True 2014092710 2014092710       05-12 03:33:12    41.62    54.97
         3          3               2    12     6     2          2   0.0001  True 2014092710 2014092710       05-12 04:19:16     5.86     7.86
         3          3               2    12     6     3          2   0.0001  True 2014092710 2014092710       05-12 04:50:41     6.65     8.74
         3          3               2    12     6     4          2   0.0001  True 2014092710 2014092710       05-12 05:49:08     6.04     8.13
         3          4               1    12     6     2          2   0.0001  True 2014092710 2014092710       05-12 06:13:48     6.70    10.02
         3          4               1    12     6     3          2   0.0001  True 2014092710 2014092710       05-12 06:50:51     6.51    10.98
         3          4               1    12     6     4          2   0.0001  True 2014092710 2014092710       05-12 07:28:33     7.26    12.29
         3          4               2    12     6     2          2   0.0001  True 2014092710 2014092710       05-12 07:57:38     6.44     7.98
         3          4               2    12     6     3          2   0.0001  True 2014092710 2014092710       05-12 08:44:57     6.11     8.88
         3          4               2    12     6     4          2   0.0001  True 2014092710 2014092710       05-12 09:39:12     6.49     8.13
         3          5               1    12     6     2          2   0.0001  True 2014092710 2014092710       05-12 09:55:21     8.01    10.62
         3          5               1    12     6     3          2   0.0001  True 2014092710 2014092710       05-12 10:20:15     6.86     9.62
         3          5               1    12     6     4          2   0.0001  True 2014092710 2014092710       05-12 10:34:57    62.65    61.26
         3          5               2    12     6     2          2   0.0001  True 2014092710 2014092710       05-12 11:07:02     6.27     8.58
         3          3               2    12     6     2          2    5e-05  True 2014092710 2014092710       05-14 14:42:47     5.77     7.37
         3          3               2    12     6     2          2    1e-05  True 2014092710 2014092710       05-14 14:49:39     5.73     7.55
         1          2               2    12     6     4          2    5e-05  True 2014092709 2014092709       05-14 14:55:58     5.82     7.86
         3          3               2    12     6     2          2    5e-06  True 2014092710 2014092710       05-14 14:56:34     5.70     7.33
         1          2               2    12     6     4          2    1e-05  True 2014092709 2014092709       05-14 15:03:34     5.69     7.44
         1          2               2    12     6     4          2    5e-06  True 2014092709 2014092709       05-14 15:19:27     5.67     7.42
         1          1               1    12     6     2          2    1e-05  True 2014092709 2014092709       05-14 15:28:13     6.44     8.65
         1          5               2    12     6     4          2    5e-05  True 2014092709 2014092709       05-14 15:30:52     5.85     8.62
         1          5               2    12     6     4          2    1e-05  True 2014092709 2014092709       05-14 15:44:17     5.84     8.79
         1          5               2    12     6     4          2    5e-06  True 2014092709 2014092709       05-14 15:53:55     5.85     8.77
         1          1               1    12     6     4          2    1e-05  True 2014092709 2014092709       05-14 16:01:01     6.53     9.92
         1          4               2    12     6     4          2    5e-05  True 2014092709 2014092709       05-14 16:09:51     6.25     8.86
         1          1               2    12     6     2          2    1e-05  True 2014092709 2014092709       05-14 16:14:10     7.08    10.67
         1          4               2    12     6     4          2    1e-05  True 2014092709 2014092709       05-14 16:25:56     6.02     8.32
         1          1               2    12     6     4          2    1e-05  True 2014092709 2014092709       05-14 16:32:55     6.24     8.84
         1          4               2    12     6     4          2    5e-06  True 2014092709 2014092709       05-14 16:38:40     5.99     8.11
         1          2               1    12     6     2          2    1e-05  True 2014092709 2014092709       05-14 16:38:50     6.17     9.89
         1          2               1    12     6     4          2    1e-05  True 2014092709 2014092709       05-14 16:45:44    20.51    44.57
         1          2               2    12     6     2          2    1e-05  True 2014092709 2014092709       05-14 16:52:35     5.95     7.96
         1          3               1    12     6     2          2    1e-05  True 2014092709 2014092709       05-14 17:01:38     5.92     7.41
         1          3               1    12     6     4          2    1e-05  True 2014092709 2014092709       05-14 17:08:36   113.70    90.47
         1          3               2    12     6     2          2    1e-05  True 2014092709 2014092709       05-14 17:17:47     5.65     7.17
         1          3               2    12     6     4          2    1e-05  True 2014092709 2014092709       05-14 17:29:25     5.78     7.12
         1          4               1    12     6     2          2    1e-05  True 2014092709 2014092709       05-14 17:36:19     6.19    12.53
         1          4               1    12     6     4          2    1e-05  True 2014092709 2014092709       05-14 17:48:22     5.99    11.50
         1          4               2    12     6     2          2    1e-05  True 2014092709 2014092709       05-14 17:56:02     5.93     8.81
         1          4               2    12     6     4          2    1e-05  True 2014092709 2014092709       05-14 18:05:47     5.99     8.17
         1          5               1    12     6     2          2    1e-05  True 2014092709 2014092709       05-14 18:14:31    39.98    35.23
         1          5               1    12     6     4          2    1e-05  True 2014092709 2014092709       05-14 18:22:54    62.59    62.40
         1          5               2    12     6     2          2    1e-05  True 2014092709 2014092709       05-14 18:31:56     6.19     8.92
         1          5               2    12     6     4          2    1e-05  True 2014092709 2014092709       05-14 18:47:03     5.82     8.65
         1          6               1    12     6     2          2    1e-05  True 2014092709 2014092709       05-14 18:53:36     5.79     7.51
         1          6               1    12     6     4          2    1e-05  True 2014092709 2014092709       05-14 19:06:37    61.14    54.42
         1          6               2    12     6     2          2    1e-05  True 2014092709 2014092709       05-14 19:23:31     6.12     8.26
         1          6               2    12     6     4          2    1e-05  True 2014092709 2014092709       05-14 19:33:35     6.03     8.32
         1          7               1    12     6     2          2    1e-05  True 2014092709 2014092709       05-14 19:39:19     5.88     9.24
         1          7               1    12     6     4          2    1e-05  True 2014092709 2014092709       05-14 19:52:30     5.99     9.35
         1          7               2    12     6     2          2    1e-05  True 2014092709 2014092709       05-14 20:01:22     5.95     8.97
         1          7               2    12     6     4          2    1e-05  True 2014092709 2014092709       05-14 20:08:14    95.11    83.01
         2          1               1    12     6     2          2    1e-05  True 2014092709 2014092709       05-14 20:18:28     7.26    12.07
         2          1               1    12     6     4          2    1e-05  True 2014092709 2014092709       05-14 20:28:58     7.46    12.33
         2          1               2    12     6     2          2    1e-05  True 2014092709 2014092709       05-14 20:33:41     5.86     8.06
         2          1               2    12     6     4          2    1e-05  True 2014092709 2014092709       05-14 20:42:14     6.87     9.78
         2          2               1    12     6     2          2    1e-05  True 2014092709 2014092709       05-14 20:46:56     7.10    10.44
         2          2               1    12     6     4          2    1e-05  True 2014092709 2014092709       05-14 21:00:50     6.60    10.86
         2          2               2    12     6     2          2    1e-05  True 2014092709 2014092709       05-14 21:15:26     6.61    10.47
         2          2               2    12     6     4          2    1e-05  True 2014092709 2014092709       05-14 21:28:19     6.22     9.56
         2          3               1    12     6     2          2    1e-05  True 2014092709 2014092709       05-14 21:37:49     7.05    11.13
         2          3               1    12     6     4          2    1e-05  True 2014092709 2014092709       05-14 21:45:14    61.92    62.34
         2          3               2    12     6     2          2    1e-05  True 2014092709 2014092709       05-14 21:51:05     6.15     8.49
         2          3               2    12     6     4          2    1e-05  True 2014092709 2014092709       05-14 22:11:42     6.24     8.61
         2          4               1    12     6     2          2    1e-05  True 2014092709 2014092709       05-14 22:18:19     5.85     7.39
         2          4               1    12     6     4          2    1e-05  True 2014092709 2014092709       05-14 22:44:31     6.26     8.21
         2          4               2    12     6     2          2    1e-05  True 2014092709 2014092709       05-14 22:52:19     5.95     7.86
         2          4               2    12     6     4          2    1e-05  True 2014092709 2014092709       05-14 23:05:21     6.42     8.84
         2          5               1    12     6     2          2    1e-05  True 2014092709 2014092709       05-14 23:13:14     6.61    11.49
         2          5               1    12     6     4          2    1e-05  True 2014092709 2014092709       05-14 23:20:09   113.87   104.61
         2          5               2    12     6     2          2    1e-05  True 2014092709 2014092709       05-14 23:24:59     6.34     9.14
         2          5               2    12     6     4          2    1e-05  True 2014092709 2014092709       05-14 23:32:16    82.93    72.80
         2          6               1    12     6     2          2    1e-05  True 2014092709 2014092709       05-14 23:40:07     6.12     8.14
         2          6               1    12     6     4          2    1e-05  True 2014092709 2014092709       05-14 23:46:53    50.79    55.84
         2          6               2    12     6     2          2    1e-05  True 2014092709 2014092709       05-14 23:51:29     5.78     8.02
         2          6               2    12     6     4          2    1e-05  True 2014092709 2014092709       05-15 00:08:56     5.99     8.17
         2          7               1    12     6     2          2    1e-05  True 2014092709 2014092709       05-15 00:13:17     5.97     7.82
         2          7               1    12     6     4          2    1e-05  True 2014092709 2014092709       05-15 00:57:07    35.30    29.76
         2          7               2    12     6     2          2    1e-05  True 2014092709 2014092709       05-15 01:08:15     6.30     8.83
         2          7               2    12     6     4          2    1e-05  True 2014092709 2014092709       05-15 01:28:01     5.98     7.78
         3          1               1    12     6     2          2    1e-05  True 2014092710 2014092710       05-15 01:33:42     6.62    11.06
         3          1               1    12     6     4          2    1e-05  True 2014092710 2014092710       05-15 01:43:51     7.20    12.84
         3          1               2    12     6     2          2    1e-05  True 2014092710 2014092710       05-15 01:49:25     6.97     9.84
         3          1               2    12     6     4          2    1e-05  True 2014092710 2014092710       05-15 02:02:12     7.26     9.84
         3          2               1    12     6     2          2    1e-05  True 2014092710 2014092710       05-15 02:06:43     6.17     8.83
         3          2               1    12     6     4          2    1e-05  True 2014092710 2014092710       05-15 02:21:18     5.90     8.38
         3          2               2    12     6     2          2    1e-05  True 2014092710 2014092710       05-15 02:41:56     6.88    10.40
         3          2               2    12     6     4          2    1e-05  True 2014092710 2014092710       05-15 02:58:03     6.63     9.48
         3          3               1    12     6     2          2    1e-05  True 2014092710 2014092710       05-15 03:06:02     6.04     8.69
         3          3               1    12     6     4          2    1e-05  True 2014092710 2014092710       05-15 03:13:00    41.62    54.97
         3          3               2    12     6     4          2    1e-05  True 2014092710 2014092710       05-15 03:20:18     5.82     7.66
         3          4               1    12     6     2          2    1e-05  True 2014092710 2014092710       05-15 03:34:01     6.24    10.06
         3          4               1    12     6     4          2    1e-05  True 2014092710 2014092710       05-15 03:45:28     6.43    10.63
         3          4               2    12     6     2          2    1e-05  True 2014092710 2014092710       05-15 03:52:05     6.22     8.28
         3          4               2    12     6     4          2    1e-05  True 2014092710 2014092710       05-15 04:04:56     6.06     8.28
         3          5               1    12     6     2          2    1e-05  True 2014092710 2014092710       05-15 04:19:37     6.77     9.18
         3          5               1    12     6     4          2    1e-05  True 2014092710 2014092710       05-15 04:26:51    62.65    61.26
         3          5               2    12     6     2          2    1e-05  True 2014092710 2014092710       05-15 04:31:24     6.06     8.08
         3          5               2    12     6     4          2    1e-05  True 2014092710 2014092710       05-15 06:20:10    50.28    29.42
         3          6               1    12     6     2          2    1e-05  True 2014092710 2014092710       05-15 07:09:33    53.52    39.72
         3          6               1    12     6     4          2    1e-05  True 2014092710 2014092710       05-15 07:58:44    40.74    37.55
         3          6               2    12     6     2          2    1e-05  True 2014092710 2014092710       05-15 09:40:16     9.21    12.68
         3          6               2    12     6     4          2    1e-05  True 2014092710 2014092710       05-15 10:19:50   125.92    92.64
         3          7               1    12     6     2          2    1e-05  True 2014092710 2014092710       05-15 10:46:34    33.33    30.41
         3          7               1    12     6     4          2    1e-05  True 2014092710 2014092710       05-15 11:11:13   103.58    80.64
         3          7               2    12     6     2          2    1e-05  True 2014092710 2014092710       05-15 12:35:46    10.49    13.14
         3          7               2    12     6     4          2    1e-05  True 2014092710 2014092710       05-15 14:10:22    20.37    19.82
         4          1               1    12     6     2          2    1e-05  True 2014092710 2014092710       05-15 14:51:04     8.84    16.81
         4          1               1    12     6     4          2    1e-05  True 2014092710 2014092710       05-15 15:15:10    10.61    18.87
         4          1               2    12     6     2          2    1e-05  True 2014092710 2014092710       05-15 16:01:56    11.28    17.72
         4          1               2    12     6     4          2    1e-05  True 2014092710 2014092710       05-15 17:12:45    10.87    18.04
         4          2               1    12     6     2          2    1e-05  True 2014092710 2014092710       05-15 17:47:26     9.62    13.23
         4          2               1    12     6     4          2    1e-05  True 2014092710 2014092710       05-15 18:27:53    35.45    31.30
         4          2               2    12     6     2          2    1e-05  True 2014092710 2014092710       05-15 19:22:14    36.86    33.13
         4          2               2    12     6     4          2    1e-05  True 2014092710 2014092710       05-15 20:36:34    23.04    27.94
         4          3               1    12     6     2          2    1e-05  True 2014092710 2014092710       05-15 21:31:29     9.69    15.31
         4          3               1    12     6     4          2    1e-05  True 2014092710 2014092710       05-15 22:36:09    32.16    28.36
         4          3               2    12     6     2          2    1e-05  True 2014092710 2014092710       05-16 00:02:11    29.71    24.74
         4          3               2    12     6     4          2    1e-05  True 2014092710 2014092710       05-16 01:27:26    60.24    41.45
         4          4               1    12     6     2          2    1e-05  True 2014092710 2014092710       05-16 02:19:21    31.53    29.19
         4          4               1    12     6     4          2    1e-05  True 2014092710 2014092710       05-16 02:53:15    11.82    18.69
         4          4               2    12     6     2          2    1e-05  True 2014092710 2014092710       05-16 05:00:56    20.99    20.68
         4          4               2    12     6     4          2    1e-05  True 2014092710 2014092710       05-16 06:44:55    40.99    33.11
         4          5               1    12     6     2          2    1e-05  True 2014092710 2014092710       05-16 07:21:03    32.35    29.59
         4          5               1    12     6     4          2    1e-05  True 2014092710 2014092710       05-16 08:40:58   123.85    85.62
         4          5               2    12     6     2          2    1e-05  True 2014092710 2014092710       05-16 10:05:54    20.30    19.06
         4          5               2    12     6     4          2    1e-05  True 2014092710 2014092710       05-16 11:32:48    38.08    36.36
         4          6               1    12     6     2          2    1e-05  True 2014092710 2014092710       05-16 12:15:40    33.95    31.26
         4          6               1    12     6     4          2    1e-05  True 2014092710 2014092710       05-16 12:45:21   112.74    90.29
         4          6               2    12     6     2          2    1e-05  True 2014092710 2014092710       05-16 13:49:04    75.78    61.14
         4          6               2    12     6     4          2    1e-05  True 2014092710 2014092710       05-16 16:03:22    28.70    22.69
         4          7               1    12     6     2          2    1e-05  True 2014092710 2014092710       05-16 16:24:07    14.77    21.52
         4          7               1    12     6     4          2    1e-05  True 2014092710 2014092710       05-16 16:46:24   103.68    77.04
         4          7               2    12     6     2          2    1e-05  True 2014092710 2014092710       05-16 18:21:46    39.50    29.43
         4          7               2    12     6     4          2    1e-05  True 2014092710 2014092710       05-16 19:08:25    93.68    71.60
         5          1               1    12     6     2          2    1e-05  True 2014092711 2014092711       05-16 19:24:42    34.05    32.60
         5          1               1    12     6     4          2    1e-05  True 2014092711 2014092711       05-16 20:11:28    12.35    23.94
         5          1               2    12     6     2          2    1e-05  True 2014092711 2014092711       05-16 21:41:40    28.41    22.69
         5          1               2    12     6     4          2    1e-05  True 2014092711 2014092711       05-16 22:56:45    11.40    17.42
         5          2               1    12     6     2          2    1e-05  True 2014092711 2014092711       05-16 23:55:18    31.44    24.15
         5          2               1    12     6     4          2    1e-05  True 2014092711 2014092711       05-17 00:03:46    82.78    67.43
         5          2               2    12     6     2          2    1e-05  True 2014092711 2014092711       05-17 01:27:11    31.10    22.40
         5          2               2    12     6     4          2    1e-05  True 2014092711 2014092711       05-17 02:37:48   101.83    63.36
         5          3               1    12     6     2          2    1e-05  True 2014092711 2014092711       05-17 03:28:10    11.30    18.28
         5          3               1    12     6     4          2    1e-05  True 2014092711 2014092711       05-17 04:19:26    13.54    22.76
         5          3               2    12     6     2          2    1e-05  True 2014092711 2014092711       05-17 06:07:47    34.75    26.44
         5          3               2    12     6     4          2    1e-05  True 2014092711 2014092711       05-17 07:03:27   100.07    61.11
         5          4               1    12     6     2          2    1e-05  True 2014092711 2014092711       05-17 07:48:25    42.17    37.46
         5          4               1    12     6     4          2    1e-05  True 2014092711 2014092711       05-17 08:23:21    34.91    34.55
         5          4               2    12     6     2          2    1e-05  True 2014092711 2014092711       05-17 10:21:42    19.34    17.96
         5          4               2    12     6     4          2    1e-05  True 2014092711 2014092711       05-17 12:23:47    30.84    22.67
         5          5               1    12     6     2          2    1e-05  True 2014092711 2014092711       05-17 12:51:22    86.78    66.96
         5          5               1    12     6     4          2    1e-05  True 2014092711 2014092711       05-17 14:33:32     7.69    13.38
         5          5               2    12     6     2          2    1e-05  True 2014092711 2014092711       05-17 15:49:19    19.74    23.35
         5          5               2    12     6     4          2    1e-05  True 2014092711 2014092711       05-17 18:10:27    59.93    38.02
         5          6               1    12     6     2          2    1e-05  True 2014092711 2014092711       05-17 18:36:41    12.40    17.13
         5          6               1    12     6     4          2    1e-05  True 2014092711 2014092711       05-17 19:01:03   107.90    94.18
         5          6               2    12     6     2          2    1e-05  True 2014092711 2014092711       05-17 20:18:39    10.67    14.57
         5          6               2    12     6     4          2    1e-05  True 2014092711 2014092711       05-17 21:44:42    95.04    62.37
         5          7               1    12     6     2          2    1e-05  True 2014092711 2014092711       05-17 22:29:20     8.44    14.21
         5          7               1    12     6     4          2    1e-05  True 2014092711 2014092711       05-17 23:23:51    92.35    84.33
         5          7               2    12     6     2          2    1e-05  True 2014092711 2014092711       05-18 01:28:36     8.81    12.55
         5          7               2    12     6     4          2    1e-05  True 2014092711 2014092711       05-18 03:30:21    99.22    66.59
         6          1               1    12     6     2          2    1e-05  True 2014092711 2014092711       05-18 04:12:57    10.41    16.43
         6          1               1    12     6     4          2    1e-05  True 2014092711 2014092711       05-18 05:00:42    55.85    39.78
         6          1               2    12     6     2          2    1e-05  True 2014092711 2014092711       05-18 06:39:49     8.76    12.01
         6          1               2    12     6     4          2    1e-05  True 2014092711 2014092711       05-18 07:39:39    33.28    30.69
         6          2               1    12     6     2          2    1e-05  True 2014092711 2014092711       05-18 08:40:19     7.83    13.87
         6          2               1    12     6     4          2    1e-05  True 2014092711 2014092711       05-18 09:58:21    31.26    27.37
         6          2               2    12     6     2          2    1e-05  True 2014092711 2014092711       05-18 11:03:45    20.18    21.48
         6          2               2    12     6     4          2    1e-05  True 2014092711 2014092711       05-18 11:55:35    72.71    51.75
         6          3               1    12     6     2          2    1e-05  True 2014092711 2014092711       05-18 12:04:04    50.12    66.95
         6          3               1    12     6     4          2    1e-05  True 2014092711 2014092711       05-18 12:56:03    78.19    53.02
         6          3               2    12     6     2          2    1e-05  True 2014092711 2014092711       05-18 15:07:32     8.36    11.14
         6          3               2    12     6     4          2    1e-05  True 2014092711 2014092711       05-18 17:31:58    20.48    18.68
         6          4               1    12     6     2          2    1e-05  True 2014092711 2014092711       05-18 18:06:47    12.57    21.81
         6          4               1    12     6     4          2    1e-05  True 2014092711 2014092711       05-18 18:47:14    55.60    44.30
         6          4               2    12     6     2          2    1e-05  True 2014092711 2014092711       05-18 19:13:29    65.23    47.38
         6          4               2    12     6     4          2    1e-05  True 2014092711 2014092711       05-18 20:31:21    35.73    30.93
         6          5               1    12     6     2          2    1e-05  True 2014092711 2014092711       05-18 20:48:59    60.18    60.04
         6          5               1    12     6     4          2    1e-05  True 2014092711 2014092711       05-18 21:18:45    69.86    70.35
         6          5               2    12     6     2          2    1e-05  True 2014092711 2014092711       05-18 22:10:40    33.27    30.84
         6          5               2    12     6     4          2    1e-05  True 2014092711 2014092711       05-18 22:59:58    97.30    76.83
         6          6               1    12     6     2          2    1e-05  True 2014092711 2014092711       05-18 23:32:20    33.42    30.22
         6          6               1    12     6     4          2    1e-05  True 2014092711 2014092711       05-18 23:59:51    90.48    75.54
         6          6               2    12     6     2          2    1e-05  True 2014092711 2014092711       05-19 01:12:38    35.40    32.07
         6          6               2    12     6     4          2    1e-05  True 2014092711 2014092711       05-19 01:21:31    99.11    85.74
         6          7               1    12     6     2          2    1e-05  True 2014092711 2014092711       05-19 02:05:33    10.45    14.70
         6          7               1    12     6     4          2    1e-05  True 2014092711 2014092711       05-19 02:47:24   102.11    75.04
         6          7               2    12     6     2          2    1e-05  True 2014092711 2014092711       05-19 04:03:43    30.33    21.60
         6          7               2    12     6     4          2    1e-05  True 2014092711 2014092711       05-19 05:56:04    42.51    27.45
         7          1               1    12     6     2          2    1e-05  True 2014092712 2014092712       05-19 06:32:35     8.60    15.97
         7          1               1    12     6     4          2    1e-05  True 2014092712 2014092712       05-19 07:40:26     8.26    14.91
         7          1               2    12     6     2          2    1e-05  True 2014092712 2014092712       05-19 08:31:42    32.79    27.24
         7          1               2    12     6     4          2    1e-05  True 2014092712 2014092712       05-19 09:31:09    56.31    43.38
         7          2               1    12     6     2          2    1e-05  True 2014092712 2014092712       05-19 09:54:42    10.79    21.48
         7          2               1    12     6     4          2    1e-05  True 2014092712 2014092712       05-19 10:33:48     8.51    14.01
         7          2               2    12     6     2          2    1e-05  True 2014092712 2014092712       05-19 11:10:05    15.62    26.27
         7          2               2    12     6     4          2    1e-05  True 2014092712 2014092712       05-19 12:19:25    12.49    21.73
         7          3               1    12     6     2          2    1e-05  True 2014092712 2014092712       05-19 12:47:33     8.45    10.99
         7          3               1    12     6     4          2    1e-05  True 2014092712 2014092712       05-19 13:14:29   143.82   102.67
         7          3               2    12     6     2          2    1e-05  True 2014092712 2014092712       05-19 13:37:25    45.61    38.90
         7          3               2    12     6     4          2    1e-05  True 2014092712 2014092712       05-19 14:20:36   106.30    73.06
         7          4               1    12     6     2          2    1e-05  True 2014092712 2014092712       05-19 14:49:00    33.62    29.15
         7          4               1    12     6     4          2    1e-05  True 2014092712 2014092712       05-19 15:31:53    10.14    13.88
         7          4               2    12     6     2          2    1e-05  True 2014092712 2014092712       05-19 17:07:07    10.53    18.99
         7          4               2    12     6     4          2    1e-05  True 2014092712 2014092712       05-19 18:16:22    11.67    20.09
         7          5               1    12     6     2          2    1e-05  True 2014092712 2014092712       05-19 19:11:51     8.81    16.11
         7          5               1    12     6     4          2    1e-05  True 2014092712 2014092712       05-19 20:05:10    66.59    58.02
         7          5               2    12     6     2          2    1e-05  True 2014092712 2014092712       05-19 21:59:56    10.59    16.78
         7          5               2    12     6     4          2    1e-05  True 2014092712 2014092712       05-20 00:08:37    29.19    22.74
         7          6               1    12     6     2          2    1e-05  True 2014092712 2014092712       05-20 00:53:58    31.28    25.03
         7          6               1    12     6     4          2    1e-05  True 2014092712 2014092712       05-20 01:43:42    70.38    66.01
         7          6               2    12     6     2          2    1e-05  True 2014092712 2014092712       05-20 03:22:55    50.17    32.94
         7          6               2    12     6     4          2    1e-05  True 2014092712 2014092712       05-20 06:16:24    51.42    33.64
         7          7               1    12     6     2          2    1e-05  True 2014092712 2014092712       05-20 07:36:32     9.20    12.97
         7          7               1    12     6     4          2    1e-05  True 2014092712 2014092712       05-20 08:53:37    56.82    40.80
         7          7               2    12     6     2          2    1e-05  True 2014092712 2014092712       05-20 10:33:56    19.58    17.51
         7          7               2    12     6     4          2    1e-05  True 2014092712 2014092712       05-20 13:40:07    57.63    40.83
         1          3               2    12     6     2          2    5e-06  True 2014092709 2014092709       06-03 20:46:38     5.68     0.03
         1          3               2    12     6     2          2    5e-06  True 2014092709 2014092709       06-04 13:44:21     5.62     4.38
         1          3               2    12     6     2          2    5e-06  True 2014092709 2014092709       06-04 13:57:00     5.63     4.38
         1          3               2    12     6     2          2   0.0001  True 2014092709 2014092709       06-04 14:13:42     5.46     4.24
         1          3               2     8     6     2          2   0.0001  True 2014092709 2014092709       06-04 19:28:19     5.47     4.23
         1          3               2     2     6     2          2   0.0001  True 2014092709 2014092709       06-04 19:29:47     5.40     4.16
         1          3               2     6     6     2          2   0.0001  True 2014092709 2014092709       06-04 19:33:39     5.54     4.27
