 len_local   neighbor_size    num_tcn  nb_stacks       lr start_time   end_time                 time     rmse     mape
         3               2          1          1   0.0001 2014092712 2014092712       04-24 14:16:21     8.09    12.00
         1               1          1          1   0.0001 2014092712 2014092712       04-25 10:57:28     7.94    12.45
         1               1          1          2   0.0001 2014092712 2014092712       04-25 11:03:05     7.82    14.74
         1               1          2          1   0.0001 2014092712 2014092712       04-25 11:09:05     7.59    13.02
         1               1          2          2   0.0001 2014092712 2014092712       04-25 11:17:58     7.66    13.64
         1               2          1          1   0.0001 2014092712 2014092712       04-25 11:27:37     8.36    12.08
         1               2          1          2   0.0001 2014092712 2014092712       04-25 11:38:18     8.59    13.14
         1               2          2          1   0.0001 2014092712 2014092712       04-25 11:57:58     7.51     9.89
         1               2          2          2   0.0001 2014092712 2014092712       04-25 12:06:04     9.70    14.25
         1               3          1          1   0.0001 2014092712 2014092712       04-25 12:24:24     6.50     9.14
         1               3          1          2   0.0001 2014092712 2014092712       04-25 12:30:59     8.96    12.71
         1               3          2          1   0.0001 2014092712 2014092712       04-25 12:44:32     7.60    11.76
         1               3          2          2   0.0001 2014092712 2014092712       04-25 13:01:07     7.21     8.73
         2               1          1          1   0.0001 2014092712 2014092712       04-25 13:11:24     6.93    11.22
         2               1          1          2   0.0001 2014092712 2014092712       04-25 13:16:05     8.60    13.06
         2               1          2          1   0.0001 2014092712 2014092712       04-25 13:28:04     6.66    10.91
         2               1          2          2   0.0001 2014092712 2014092712       04-25 13:42:35     6.97     9.75
         2               2          1          1   0.0001 2014092712 2014092712       04-25 13:54:08     7.77    11.32
         2               2          1          2   0.0001 2014092712 2014092712       04-25 14:05:23     8.65    14.31
         2               2          2          1   0.0001 2014092712 2014092712       04-25 14:18:45    18.16    16.34
         2               2          2          2   0.0001 2014092712 2014092712       04-25 14:26:55     9.14    14.74
         2               3          1          1   0.0001 2014092712 2014092712       04-25 14:33:37     7.96    10.87
         2               3          1          2   0.0001 2014092712 2014092712       04-25 14:46:51    12.91    10.80
         2               3          2          1   0.0001 2014092712 2014092712       04-25 14:57:35     7.21     9.69
         2               3          2          2   0.0001 2014092712 2014092712       04-25 15:04:47    21.77    15.88
         3               1          1          1   0.0001 2014092712 2014092712       04-25 15:14:00     6.88     8.43
         3               1          1          2   0.0001 2014092712 2014092712       04-25 15:27:30     6.47     8.17
         3               1          2          1   0.0001 2014092712 2014092712       04-25 15:30:40     9.12    11.13
         3               1          2          2   0.0001 2014092712 2014092712       04-25 15:39:47     7.34    10.28
         3               2          1          2   0.0001 2014092712 2014092712       04-25 15:47:06     8.87    11.93
         3               2          2          1   0.0001 2014092712 2014092712       04-25 15:57:01     8.73    12.37
         3               2          2          2   0.0001 2014092712 2014092712       04-25 16:15:51     7.91    10.91
         3               3          1          1   0.0001 2014092712 2014092712       04-25 16:26:51     7.17     9.28
         3               3          1          2   0.0001 2014092712 2014092712       04-25 16:34:54    13.75    14.00
         3               3          2          1   0.0001 2014092712 2014092712       04-25 16:46:14     7.22     8.78
         3               3          2          2   0.0001 2014092712 2014092712       04-25 17:06:08    25.40    16.42
         4               1          1          1   0.0001 2014092712 2014092712       04-25 17:14:05     6.87     9.57
         4               1          1          2   0.0001 2014092712 2014092712       04-25 17:21:09     7.23    10.03
         4               1          2          1   0.0001 2014092712 2014092712       04-25 17:28:22     7.25    10.84
         4               1          2          2   0.0001 2014092712 2014092712       04-25 17:43:03     6.82    10.89
         4               2          1          1   0.0001 2014092712 2014092712       04-25 17:53:31     8.07    11.76
         4               2          1          2   0.0001 2014092712 2014092712       04-25 18:04:18     7.90    11.13
         4               2          2          1   0.0001 2014092712 2014092712       04-25 18:15:58     8.30    11.03
         4               2          2          2   0.0001 2014092712 2014092712       04-25 18:32:11     7.81    10.85
         4               3          1          1   0.0001 2014092712 2014092712       04-25 18:41:44     6.98     9.52
         4               3          1          2   0.0001 2014092712 2014092712       04-25 18:56:20    12.61    11.23
         4               3          2          1   0.0001 2014092712 2014092712       04-25 19:04:33     7.75    10.29
         4               3          2          2   0.0001 2014092712 2014092712       04-25 19:19:18     7.97     9.42
         5               1          1          1   0.0001 2014092712 2014092712       04-25 19:29:02     6.97    11.34
         5               1          1          2   0.0001 2014092712 2014092712       04-25 19:36:49     7.36    11.52
         5               1          2          1   0.0001 2014092712 2014092712       04-25 19:49:12     6.98    11.56
         5               1          2          2   0.0001 2014092712 2014092712       04-25 20:00:38     7.65    12.88
         5               2          1          1   0.0001 2014092712 2014092712       04-25 20:19:39     7.34    10.38
         5               2          1          2   0.0001 2014092712 2014092712       04-25 20:30:40     7.93    12.01
         5               2          2          1   0.0001 2014092712 2014092712       04-25 20:40:12     8.74    12.77
         5               2          2          2   0.0001 2014092712 2014092712       04-25 20:54:04     8.15    11.87
         5               3          1          1   0.0001 2014092712 2014092712       04-25 21:03:54     7.26     9.25
         5               3          1          2   0.0001 2014092712 2014092712       04-25 21:11:42     8.71    11.91
         5               3          2          1   0.0001 2014092712 2014092712       04-25 21:27:34     7.05     9.94
         5               3          2          2   0.0001 2014092712 2014092712       04-25 21:39:28     7.10     9.56
         6               1          1          1   0.0001 2014092712 2014092712       04-25 21:46:48     7.06     9.95
         6               1          1          2   0.0001 2014092712 2014092712       04-25 21:53:34     7.71    10.43
         6               1          2          1   0.0001 2014092712 2014092712       04-25 21:59:01     7.58    12.35
         6               1          2          2   0.0001 2014092712 2014092712       04-25 22:14:56     6.87     9.88
         6               2          1          1   0.0001 2014092712 2014092712       04-25 22:25:51     8.27    10.64
         6               2          1          2   0.0001 2014092712 2014092712       04-25 22:36:48     7.85    11.15
         6               2          2          1   0.0001 2014092712 2014092712       04-25 22:45:21     8.24    10.93
         6               2          2          2   0.0001 2014092712 2014092712       04-25 23:12:34     6.94     8.84
         6               3          1          1   0.0001 2014092712 2014092712       04-25 23:22:24     7.11     9.63
         6               3          1          2   0.0001 2014092712 2014092712       04-25 23:43:11     6.12     7.56
         6               3          2          1   0.0001 2014092712 2014092712       04-25 23:52:19    13.59    11.95
         6               3          2          2   0.0001 2014092712 2014092712       04-26 00:10:47     7.09     8.67
         7               1          1          1   0.0001 2014092712 2014092712       04-26 00:19:36     7.33    10.04
         7               1          1          2   0.0001 2014092712 2014092712       04-26 00:32:29     6.90     9.05
         7               1          2          1   0.0001 2014092712 2014092712       04-26 00:42:48     7.15     9.30
         7               1          2          2   0.0001 2014092712 2014092712       04-26 00:53:35     7.94     9.73
         7               2          1          1   0.0001 2014092712 2014092712       04-26 00:58:50     9.44    15.01
         7               2          1          2   0.0001 2014092712 2014092712       04-26 01:20:01     7.19    10.80
         7               2          2          1   0.0001 2014092712 2014092712       04-26 01:28:14     8.48    14.28
         7               2          2          2   0.0001 2014092712 2014092712       04-26 01:41:44     8.21    12.51
         7               3          1          1   0.0001 2014092712 2014092712       04-26 01:59:03     6.40     7.46
         7               3          1          2   0.0001 2014092712 2014092712       04-26 02:22:34    12.63    11.32
         7               3          2          1   0.0001 2014092712 2014092712       04-26 02:32:45     7.34     9.53
         7               3          2          2   0.0001 2014092712 2014092712       04-26 02:57:41     6.36     8.83
         1               1          3          2   0.0001 2014092712 2014092712       05-04 03:01:31     7.26    13.74
         1               1          4          2   0.0001 2014092712 2014092712       05-04 03:12:40     8.77    17.54
         1               2          3          2   0.0001 2014092712 2014092712       05-04 03:28:08     8.29    11.14
         1               2          4          2   0.0001 2014092712 2014092712       05-04 03:36:51    10.13    15.05
         1               3          3          2   0.0001 2014092712 2014092712       05-04 04:01:57     6.86     9.93
         1               3          4          2   0.0001 2014092712 2014092712       05-04 04:25:46    25.05    18.07
         2               1          3          2   0.0001 2014092712 2014092712       05-04 04:35:14     8.09    11.48
         2               1          4          2   0.0001 2014092712 2014092712       05-04 05:12:38     6.41     9.89
         2               2          3          2   0.0001 2014092712 2014092712       05-04 05:27:31     8.29    13.02
         2               2          4          2   0.0001 2014092712 2014092712       05-04 05:45:07     8.54    13.65
         2               3          3          2   0.0001 2014092712 2014092712       05-04 06:18:47     6.02     7.49
         2               3          4          2   0.0001 2014092712 2014092712       05-04 06:43:40    13.32    11.64
         3               1          3          2   0.0001 2014092712 2014092712       05-04 06:52:48     8.15     9.82
         3               1          4          2   0.0001 2014092712 2014092712       05-04 06:58:37    39.76    43.18
         3               2          3          2   0.0001 2014092712 2014092712       05-04 07:08:34     8.90    14.81
         3               2          4          2   0.0001 2014092712 2014092712       05-04 07:13:40   142.78   117.14
         3               3          3          2   0.0001 2014092712 2014092712       05-04 07:20:20   136.87   102.03
         3               3          4          2   0.0001 2014092712 2014092712       05-04 07:25:06   161.95   124.36
         4               1          3          2   0.0001 2014092712 2014092712       05-04 07:31:48   133.92   116.48
         4               1          4          2   0.0001 2014092712 2014092712       05-04 07:36:30   133.60   116.74
         4               2          3          2   0.0001 2014092712 2014092712       05-04 07:50:34     8.31    11.27
         4               2          4          2   0.0001 2014092712 2014092712       05-04 07:55:45   136.97   112.13
         4               3          3          2   0.0001 2014092712 2014092712       05-04 08:01:30   135.83    98.94
         4               3          4          2   0.0001 2014092712 2014092712       05-04 08:06:43   125.46    92.95
         5               1          3          2   0.0001 2014092712 2014092712       05-04 08:13:26    83.14    75.86
         5               1          4          2   0.0001 2014092712 2014092712       05-04 08:18:44   173.45   142.10
         5               2          3          2   0.0001 2014092712 2014092712       05-04 08:22:41   149.76   123.51
         5               2          4          2   0.0001 2014092712 2014092712       05-04 08:27:58   148.41   127.51
         5               3          3          2   0.0001 2014092712 2014092712       05-04 08:31:50   123.24    93.76
         5               3          4          2   0.0001 2014092712 2014092712       05-04 08:37:05   139.42   105.99
         6               1          3          2   0.0001 2014092712 2014092712       05-04 08:41:20   156.22   117.74
         6               1          4          2   0.0001 2014092712 2014092712       05-04 08:46:00   134.99   106.42
         6               2          3          2   0.0001 2014092712 2014092712       05-04 08:52:06   147.51   111.58
         6               2          4          2   0.0001 2014092712 2014092712       05-04 08:56:53   174.15   139.39
         6               3          3          2   0.0001 2014092712 2014092712       05-04 09:10:39    14.29    12.68
         6               3          4          2   0.0001 2014092712 2014092712       05-04 09:15:48   155.65   113.73
         7               1          3          2   0.0001 2014092712 2014092712       05-04 09:19:26    62.73    57.54
         7               1          4          2   0.0001 2014092712 2014092712       05-04 09:26:19   145.78   112.94
         7               2          3          2   0.0001 2014092712 2014092712       05-04 09:29:49   129.62   104.89
         7               2          4          2   0.0001 2014092712 2014092712       05-04 09:34:37   144.13   124.80
         7               3          3          2   0.0001 2014092712 2014092712       05-04 09:40:11   120.04    91.50
         7               3          4          2   0.0001 2014092712 2014092712       05-04 09:50:28   145.86   109.80
         2               3          3          2   0.0001 2014092712 2014092712       06-04 13:45:14     5.61     4.55
