 len_local   neighbor_size  stack_convlstm       lr start_time   end_time                 time     rmse     mape
         6               3               1   0.0001 2014092712 2014092712       04-24 09:03:06     6.65     9.44
         4               3               1   0.0001 2014092712 2014092712       04-24 06:49:22     7.80     9.60
         5               3               1   0.0001 2014092712 2014092712       04-24 07:51:10     6.81     9.64
         6               2               1   0.0001 2014092712 2014092712       04-24 08:31:29     8.16    10.82
         3               1               1   0.0001 2014092712 2014092712       04-24 05:33:23     7.81    10.94
         7               3               1   0.0001 2014092712 2014092712       04-24 10:48:33     7.39    11.11
         2               3               1   0.0001 2014092712 2014092712       04-24 05:19:15     8.10    11.19
         3               3               1   0.0001 2014092712 2014092712       04-24 06:00:10     8.90    11.45
         4               1               1   0.0001 2014092712 2014092712       04-24 06:14:13     8.97    11.56
         4               2               1   0.0001 2014092712 2014092712       04-24 06:35:50     8.46    12.09
         7               2               1   0.0001 2014092712 2014092712       04-24 09:58:35     8.75    12.16
         6               1               1   0.0001 2014092712 2014092712       04-24 08:08:27     8.10    12.24
         7               1               1   0.0001 2014092712 2014092712       04-24 09:25:36     9.21    12.49
         5               2               1   0.0001 2014092712 2014092712       04-24 07:29:05     8.29    12.95
         2               2               1   0.0001 2014092712 2014092712       04-24 05:04:29     8.93    13.29
         3               2               1   0.0001 2014092712 2014092712       04-24 05:42:06     9.29    13.55
         1               3               1   0.0001 2014092712 2014092712       04-24 04:41:55     9.02    14.01
         5               1               1   0.0001 2014092712 2014092712       04-24 07:14:48     7.53    14.58
         2               1               1   0.0001 2014092712 2014092712       04-24 04:53:28     8.07    14.70
         1               2               1   0.0001 2014092712 2014092712       04-24 04:30:36     9.68    14.77
         1               1               1   0.0001 2014092712 2014092712       04-24 04:21:55     9.80    17.54
         6               3               1   0.0001 2014092712 2014092712       06-03 20:19:19     6.61     0.04
