  neighbor_size   vertices   features    weeks   days  hours       lr start_time   end_time                 time     rmse     mape
              1        128          1        2      2      2     0.01 2014092712 2014092712       05-29 09:32:37     4.42     8.71
              1        128          1        2      2      2     0.01 2014092712 2014092712       05-29 09:38:25     4.64     8.88
              1        128          1        2      2      3     0.01 2014092712 2014092712       05-29 09:41:08     5.14    10.29
              1        128          1        2      2      4     0.01 2014092712 2014092712       05-29 09:45:07     4.86     8.85
              1        128          1        2      3      2     0.01 2014092712 2014092712       05-29 09:51:44     6.53     9.61
              1        128          1        2      3      3     0.01 2014092712 2014092712       05-29 09:56:05     4.45     8.19
              1        128          1        2      3      4     0.01 2014092712 2014092712       05-29 10:01:48     6.25    12.12
              1        128          1        2      4      2     0.01 2014092712 2014092712       05-29 10:05:23     4.30     9.03
              1        128          1        2      4      3     0.01 2014092712 2014092712       05-29 10:07:49     4.83    10.42
              1        128          1        2      4      4     0.01 2014092712 2014092712       05-29 10:11:17     4.43     8.66
              1        128          1        3      2      2     0.01 2014092712 2014092712       05-29 10:14:37     5.58     9.99
              1        128          1        3      2      3     0.01 2014092712 2014092712       05-29 10:19:28     4.27     8.46
              1        128          1        3      2      4     0.01 2014092712 2014092712       05-29 10:24:34     4.77     9.86
              1        128          1        3      3      2     0.01 2014092712 2014092712       05-29 10:31:08     6.46    10.96
              1        128          1        3      3      3     0.01 2014092712 2014092712       05-29 10:35:55     6.08    12.13
              1        128          1        3      3      4     0.01 2014092712 2014092712       05-29 10:54:34    14.39    18.96
              1        128          1        3      4      2     0.01 2014092712 2014092712       05-29 10:57:06     4.40     9.16
              1        128          1        3      4      3     0.01 2014092712 2014092712       05-29 11:01:36     3.72     7.36
              1        128          1        3      4      4     0.01 2014092712 2014092712       05-29 11:12:06     4.99     9.22
              1        128          1        4      2      2     0.01 2014092712 2014092712       05-29 11:15:01     4.43     9.34
              1        128          1        4      2      3     0.01 2014092712 2014092712       05-29 11:19:27     5.40    10.85
              1        128          1        4      2      4     0.01 2014092712 2014092712       05-29 11:24:05     4.73     9.06
              1        128          1        4      3      2     0.01 2014092712 2014092712       05-29 11:38:00     4.71     8.95
              1        128          1        4      3      3     0.01 2014092712 2014092712       05-29 11:46:40     5.96    12.28
              1        128          1        4      3      4     0.01 2014092712 2014092712       05-29 11:54:02     4.88    10.38
              1        128          1        4      4      2     0.01 2014092712 2014092712       05-29 12:09:23     5.30     8.91
              1        128          1        4      4      3     0.01 2014092712 2014092712       05-29 12:13:22     6.06    12.30
              1        128          1        4      4      4     0.01 2014092712 2014092712       05-29 12:19:34     5.34     8.97
