      len_close            len_trend      len_period   neighbor_size             res         lr start_time   end_time                 time     rmse     mape
              1                    1               1               1              12     0.0001 2016040718 2016040718       05-04 17:18:47    20.53     6.98
              1                    1               1               2              12     0.0001 2016040718 2016040718       05-04 18:28:04    21.93    13.51
              1                    1               1               3              12     0.0001 2016040718 2016040718       05-04 19:55:14    22.01    13.96
              1                    1               2               1              12     0.0001 2016040718 2016040718       05-04 20:35:07    33.36    13.87
              1                    1               2               2              12     0.0001 2016040718 2016040718       05-04 21:32:47    21.07    13.36
              1                    1               2               3              12     0.0001 2016040718 2016040718       05-04 22:52:25    22.02    13.20
              1                    1               3               1              12     0.0001 2016040718 2016040718       05-04 23:41:43    20.76     7.61
              1                    1               3               2              12     0.0001 2016040718 2016040718       05-05 01:03:00    21.03    14.05
              1                    1               3               3              12     0.0001 2016040718 2016040718       05-05 02:14:40    21.68    13.32
              1                    2               1               1              12     0.0001 2016040718 2016040718       05-05 02:52:36    21.95     6.97
              1                    2               1               2              12     0.0001 2016040718 2016040718       05-05 03:37:06    21.04    14.90
              1                    2               1               3              12     0.0001 2016040718 2016040718       05-05 04:14:38    21.63    12.48
              1                    2               2               1              12     0.0001 2016040718 2016040718       05-05 04:38:06    27.83    13.18
              1                    2               2               2              12     0.0001 2016040718 2016040718       05-05 05:11:07    20.48    14.42
              1                    2               2               3              12     0.0001 2016040718 2016040718       05-05 05:46:08    21.62    12.97
              1                    2               3               1              12     0.0001 2016040718 2016040718       05-05 06:04:09    33.74    13.53
              1                    2               3               2              12     0.0001 2016040718 2016040718       05-05 06:38:03    20.84    16.16
              1                    2               3               3              12     0.0001 2016040718 2016040718       05-05 07:07:00    22.72    12.60
              1                    3               1               1              12     0.0001 2016040718 2016040718       05-05 07:27:23    21.39    11.71
              1                    3               1               2              12     0.0001 2016040718 2016040718       05-05 08:23:54    19.89    14.88
              1                    3               1               3              12     0.0001 2016040718 2016040718       05-05 08:54:29    23.27    13.53
              1                    3               2               1              12     0.0001 2016040718 2016040718       05-05 09:11:12    21.70     8.45
              1                    3               2               2              12     0.0001 2016040718 2016040718       05-05 09:40:12    22.10    15.52
              1                    3               2               3              12     0.0001 2016040718 2016040718       05-05 10:26:05    21.22    13.10
              1                    3               3               1              12     0.0001 2016040718 2016040718       05-05 10:51:55    25.86     9.57
              1                    3               3               2              12     0.0001 2016040718 2016040718       05-05 11:29:58    20.52    14.39
              1                    3               3               3              12     0.0001 2016040718 2016040718       05-05 12:13:54    22.29    12.66
              2                    1               1               1              12     0.0001 2016040718 2016040718       05-05 12:33:29    21.04     7.15
              2                    1               1               2              12     0.0001 2016040718 2016040718       05-05 12:55:13    22.90    15.06
              2                    1               1               3              12     0.0001 2016040718 2016040718       05-05 13:51:28    21.85    13.55
              2                    1               2               1              12     0.0001 2016040718 2016040718       05-05 14:15:06    19.75     8.43
              2                    1               2               2              12     0.0001 2016040718 2016040718       05-05 14:41:20    24.85    15.79
              2                    1               2               3              12     0.0001 2016040718 2016040718       05-05 15:10:18    26.70    13.85
              2                    1               3               1              12     0.0001 2016040718 2016040718       05-05 15:46:03    20.27     7.29
              2                    1               3               2              12     0.0001 2016040718 2016040718       05-05 16:24:02    20.39    13.50
              2                    1               3               3              12     0.0001 2016040718 2016040718       05-05 16:53:57    22.17    13.93
              2                    2               1               1              12     0.0001 2016040718 2016040718       05-05 17:17:06    24.06    16.10
              2                    2               1               2              12     0.0001 2016040718 2016040718       05-05 17:51:59    19.69    14.42
              2                    2               1               3              12     0.0001 2016040718 2016040718       05-05 18:38:08    22.07    13.23
              2                    2               2               1              12     0.0001 2016040718 2016040718       05-05 18:56:29    20.16     7.86
              2                    2               2               2              12     0.0001 2016040718 2016040718       05-05 19:17:48    23.21    15.69
              2                    2               2               3              12     0.0001 2016040718 2016040718       05-05 19:39:42    23.50    13.62
              2                    2               3               1              12     0.0001 2016040718 2016040718       05-05 19:55:09    50.59    33.97
              2                    2               3               2              12     0.0001 2016040718 2016040718       05-05 20:27:38    23.04    15.39
              2                    2               3               3              12     0.0001 2016040718 2016040718       05-05 21:12:32    21.03    12.72
              2                    3               1               1              12     0.0001 2016040718 2016040718       05-05 21:34:00    26.58     8.90
              2                    3               1               2              12     0.0001 2016040718 2016040718       05-05 22:05:38    20.95    14.51
              2                    3               1               3              12     0.0001 2016040718 2016040718       05-05 22:45:39    21.50    13.18
              2                    3               2               1              12     0.0001 2016040718 2016040718       05-05 23:13:27    19.24     6.89
              2                    3               2               2              12     0.0001 2016040718 2016040718       05-05 23:29:39    23.80    15.95
              2                    3               2               3              12     0.0001 2016040718 2016040718       05-06 00:16:51    21.87    14.56
              2                    3               3               1              12     0.0001 2016040718 2016040718       05-06 00:34:33    26.27     8.42
              2                    3               3               2              12     0.0001 2016040718 2016040718       05-06 01:08:30    20.43    14.39
              2                    3               3               3              12     0.0001 2016040718 2016040718       05-06 01:39:26    23.21    14.23
              3                    1               1               1              12     0.0001 2016040718 2016040718       05-06 01:58:23    24.33     9.81
              3                    1               1               2              12     0.0001 2016040718 2016040718       05-06 02:44:54    22.50    14.55
              3                    1               1               3              12     0.0001 2016040718 2016040718       05-06 03:18:26    22.68    13.96
              3                    1               2               1              12     0.0001 2016040718 2016040718       05-06 03:45:49    18.91     6.37
              3                    1               2               2              12     0.0001 2016040718 2016040718       05-06 04:31:16    20.98    12.87
              3                    1               2               3              12     0.0001 2016040718 2016040718       05-06 05:13:04    21.95    13.43
              3                    1               3               1              12     0.0001 2016040718 2016040718       05-06 05:23:28    25.97     8.12
              3                    1               3               2              12     0.0001 2016040718 2016040718       05-06 05:46:47    21.98    15.09
              3                    1               3               3              12     0.0001 2016040718 2016040718       05-06 06:24:38    22.46    12.21
              3                    2               1               1              12     0.0001 2016040718 2016040718       05-06 06:43:52    21.19     7.55
              3                    2               1               2              12     0.0001 2016040718 2016040718       05-06 07:09:13    21.62    14.68
              3                    2               1               3              12     0.0001 2016040718 2016040718       05-06 07:37:10    22.36    13.96
              3                    2               2               1              12     0.0001 2016040718 2016040718       05-06 08:12:24    19.68     7.83
              3                    2               2               2              12     0.0001 2016040718 2016040718       05-06 08:29:26    25.32    14.92
              3                    2               2               3              12     0.0001 2016040718 2016040718       05-06 08:54:22    23.05    14.28
              3                    2               3               1              12     0.0001 2016040718 2016040718       05-06 09:06:32    21.64     8.73
              3                    2               3               2              12     0.0001 2016040718 2016040718       05-06 09:28:39    22.70    13.98
              3                    2               3               3              12     0.0001 2016040718 2016040718       05-06 10:02:24    21.82    12.29
              3                    3               1               1              12     0.0001 2016040718 2016040718       05-06 10:24:04    20.21     9.33
              3                    3               1               2              12     0.0001 2016040718 2016040718       05-06 10:44:30    24.22    16.04
              3                    3               1               3              12     0.0001 2016040718 2016040718       05-06 11:21:52    21.68    13.73
              3                    3               2               1              12     0.0001 2016040718 2016040718       05-06 11:38:37    21.83     8.66
              3                    3               2               2              12     0.0001 2016040718 2016040718       05-06 12:13:39    20.79    15.38
              3                    3               2               3              12     0.0001 2016040718 2016040718       05-06 12:38:29    23.05    13.65
              3                    3               3               1              12     0.0001 2016040718 2016040718       05-06 12:55:45    20.84     8.69
              3                    3               3               2              12     0.0001 2016040718 2016040718       05-06 13:33:01    19.89    14.58
              3                    3               3               3              12     0.0001 2016040718 2016040718       05-06 14:02:40    24.09    14.18
