 len_local   neighbor_size   cnn       lr    BN start_time   end_time                 time     rmse     mape
         4               2     6   0.0001  True 2016040718 2016040718       04-23 20:35:43    19.86    19.58
         1               1     1   0.0001  True 2016040718 2016040718       04-23 20:39:51    19.12     7.10
         1               1     6   0.0001  True 2016040718 2016040718       04-23 20:41:44    20.09    10.72
         1               2     1   0.0001  True 2016040718 2016040718       04-23 20:42:34    21.89    14.53
         1               2     6   0.0001  True 2016040718 2016040718       04-23 20:44:18    20.57    13.45
         1               3     1   0.0001  True 2016040718 2016040718       04-23 20:45:28    22.32    16.88
         1               3     6   0.0001  True 2016040718 2016040718       04-23 20:46:38    21.87    10.94
         2               1     1   0.0001  True 2016040718 2016040718       04-23 20:48:09    18.89     5.80
         2               1     6   0.0001  True 2016040718 2016040718       04-23 20:51:35    17.94     6.15
         2               2     1   0.0001  True 2016040718 2016040718       04-23 20:52:31    20.29    10.72
         2               2     6   0.0001  True 2016040718 2016040718       04-23 20:54:52    20.35    11.17
         2               3     1   0.0001  True 2016040718 2016040718       04-23 20:56:16    22.29    15.93
         2               3     6   0.0001  True 2016040718 2016040718       04-23 20:59:56    20.54    14.14
         3               1     1   0.0001  True 2016040718 2016040718       04-23 21:00:28    20.04     6.50
         3               1     6   0.0001  True 2016040718 2016040718       04-23 21:04:01    18.57     5.52
         3               2     1   0.0001  True 2016040718 2016040718       04-23 21:04:43    20.87    15.69
         3               2     6   0.0001  True 2016040718 2016040718       04-23 21:06:45    21.45    24.55
         3               3     1   0.0001  True 2016040718 2016040718       04-23 21:07:51    22.82    15.47
         3               3     6   0.0001  True 2016040718 2016040718       04-23 21:10:18    20.37     8.57
         4               1     1   0.0001  True 2016040718 2016040718       04-23 21:11:38    18.95    12.06
         4               1     6   0.0001  True 2016040718 2016040718       04-23 21:13:22    18.86    15.80
         4               2     1   0.0001  True 2016040718 2016040718       04-23 21:14:11    21.47    13.16
         4               3     1   0.0001  True 2016040718 2016040718       04-23 21:15:13    21.17    13.24
         4               3     6   0.0001  True 2016040718 2016040718       04-23 21:16:28    21.53    16.98
         5               1     1   0.0001  True 2016040718 2016040718       04-23 21:17:26    21.86     9.01
         5               1     6   0.0001  True 2016040718 2016040718       04-23 21:18:11    22.40     7.07
         5               2     1   0.0001  True 2016040718 2016040718       04-23 21:19:11    19.66    14.06
         5               2     6   0.0001  True 2016040718 2016040718       04-23 21:19:58    24.04    11.09
         5               3     1   0.0001  True 2016040718 2016040718       04-23 21:20:57    21.35    13.90
         5               3     6   0.0001  True 2016040718 2016040718       04-23 21:22:12    23.35    10.09
         6               1     1   0.0001  True 2016040718 2016040718       04-23 21:23:05    18.83     5.84
         6               1     6   0.0001  True 2016040718 2016040718       04-23 21:23:56    18.55     5.78
         6               2     1   0.0001  True 2016040718 2016040718       04-23 21:24:57    21.46    11.32
         6               2     6   0.0001  True 2016040718 2016040718       04-23 21:25:48    24.04    20.46
         6               3     1   0.0001  True 2016040718 2016040718       04-23 21:27:05    22.23    20.55
         6               3     6   0.0001  True 2016040718 2016040718       04-23 21:28:41    21.15    19.57
         7               1     1   0.0001  True 2016040718 2016040718       04-23 21:29:05    21.59     8.53
         7               1     6   0.0001  True 2016040718 2016040718       04-23 21:31:13    18.41     5.07
         7               2     1   0.0001  True 2016040718 2016040718       04-23 21:32:29    20.86     8.91
         7               2     6   0.0001  True 2016040718 2016040718       04-23 21:34:29    20.36     6.74
         7               3     1   0.0001  True 2016040718 2016040718       04-23 21:34:52    25.15    16.26
         7               3     6   0.0001  True 2016040718 2016040718       04-23 21:36:38    22.99    13.71
