   att_lstm_num     att_lstm_seq_len    lstm_seq_len   flow_gate_len   neighbor_size start_time   end_time                 time     rmse     mape
              3                    7               7               2               3 2016040718 2016040718       05-02 16:55:11    22.85    12.17
              3                    7               7               2               1 2016040718 2016040718       05-03 15:04:01    20.38     6.44
              3                    7               7               2               2 2016040718 2016040718       05-03 16:30:53    19.68    13.55
              3                    3               3               2               1 2016040718 2016040718       05-06 22:03:00    17.13     5.72
              3                    3               3               2               2 2016040718 2016040718       05-06 23:14:34    21.52    13.59
              3                    3               3               2               3 2016040718 2016040718       05-07 00:28:16    21.43    13.16
              3                    3               5               2               1 2016040718 2016040718       05-07 01:41:45    18.68     6.07
              3                    3               5               2               2 2016040718 2016040718       05-07 02:54:08    21.39    13.40
              3                    3               5               2               3 2016040718 2016040718       05-07 04:07:51    22.69    14.49
              3                    3               7               2               1 2016040718 2016040718       05-07 05:23:27    17.88     6.05
              3                    3               7               2               2 2016040718 2016040718       05-07 06:41:19    19.41    14.07
              3                    3               7               2               3 2016040718 2016040718       05-07 07:58:31    23.51    13.15
              3                    5               3               2               1 2016040718 2016040718       05-07 09:16:54    17.26     5.01
              3                    5               3               2               2 2016040718 2016040718       05-07 10:31:31    20.95    14.38
              3                    5               3               2               3 2016040718 2016040718       05-07 11:46:56    22.18    12.72
              3                    5               5               2               1 2016040718 2016040718       05-07 13:03:34    18.57     6.60
              3                    5               5               2               2 2016040718 2016040718       05-07 14:21:28    19.22    13.49
              3                    5               5               2               3 2016040718 2016040718       05-07 15:44:08    25.15    14.18
              3                    5               7               2               1 2016040718 2016040718       05-07 17:03:46    18.29     6.11
              3                    5               7               2               2 2016040718 2016040718       05-07 18:22:38    20.08    13.22
              3                    5               7               2               3 2016040718 2016040718       05-07 19:43:29    21.44    13.10
              3                    7               3               2               1 2016040718 2016040718       05-07 21:15:18    22.57     8.08
