      len_close            len_trend      len_period   neighbor_size             res         lr start_time   end_time                 time     rmse     mape
              3                    2               1               3              12     0.0001 2014092712 2014092712       05-07 14:02:55     5.77     7.30
              3                    2               2               1              12     0.0001 2014092712 2014092712       05-07 14:31:05     5.77    10.51
              3                    3               3               3              12     0.0001 2014092712 2014092712       05-07 19:45:06     5.82     7.56
              3                    2               3               3              12     0.0001 2014092712 2014092712       05-07 16:20:31     5.93     8.25
              3                    3               3               2              12     0.0001 2014092712 2014092712       05-07 19:18:38     6.00     9.49
              3                    3               1               3              12     0.0001 2014092712 2014092712       05-07 17:35:28     6.10     8.52
              3                    3               1               1              12     0.0001 2014092712 2014092712       05-07 16:40:25     6.15    12.00
              3                    1               3               2              12     0.0001 2014092712 2014092712       05-07 12:08:57     6.26     9.17
              3                    2               3               2              12     0.0001 2014092712 2014092712       05-07 15:59:46     6.26     8.97
              3                    3               2               3              12     0.0001 2014092712 2014092712       05-07 18:29:14     6.29     8.04
              3                    2               1               2              12     0.0001 2014092712 2014092712       05-07 13:29:33     6.33    10.02
              3                    2               1               1              12     0.0001 2014092712 2014092712       05-07 13:08:32     6.51    11.67
              3                    3               3               1              12     0.0001 2014092712 2014092712       05-07 18:44:57     6.59    11.03
              3                    3               1               2              12     0.0001 2014092712 2014092712       05-07 17:15:20     6.66    10.42
              3                    2               2               2              12     0.0001 2014092712 2014092712       05-07 14:53:21     6.68     9.61
              3                    1               1               2              12     0.0001 2014092712 2014092712       05-07 10:11:28     6.73     9.68
              3                    1               2               2              12     0.0001 2014092712 2014092712       05-07 11:01:14     6.83    10.47
              3                    2               3               1              12     0.0001 2014092712 2014092712       05-07 15:39:22     6.91    11.58
              3                    3               2               2              12     0.0001 2014092712 2014092712       05-07 18:16:12     7.19    10.34
              3                    1               1               1              12     0.0001 2014092712 2014092712       05-07 09:51:20     7.40    11.59
              3                    1               3               1              12     0.0001 2014092712 2014092712       05-07 11:40:25     7.44    12.24
              3                    1               2               1              12     0.0001 2014092712 2014092712       05-07 10:46:21     7.46    11.75
              3                    3               2               1              12     0.0001 2014092712 2014092712       05-07 17:57:19     8.73    12.16
              3                    1               1               3              12     0.0001 2014092712 2014092712       05-08 09:34:28     5.63     7.69
              3                    1               2               3              12     0.0001 2014092712 2014092712       05-08 09:45:27     5.52     7.76
              3                    1               3               3              12     0.0001 2014092712 2014092712       05-08 09:51:26     5.58     7.31
              3                    2               2               3              12     0.0001 2014092712 2014092712       05-08 09:57:06     5.37     7.14
              3                    1               1               1              12       0.01 2014092712 2014092712       05-08 14:36:27    18.86    47.74
              3                    1               1               1              12      0.001 2014092712 2014092712       05-08 14:42:07    18.86    47.74
