 len_local   neighbor_size   cnn       lr    BN start_time   end_time                 time     rmse     mape
         4               2     6   0.0001  True 2014092712 2014092712       04-23 20:38:22     5.84     7.24
         1               1     1   0.0001  True 2014092712 2014092712       04-23 21:37:17     7.87    15.29
         1               1     6   0.0001  True 2014092712 2014092712       04-23 21:38:39     7.33    15.49
         1               2     1   0.0001  True 2014092712 2014092712       04-23 21:39:06     7.74    11.21
         1               2     6   0.0001  True 2014092712 2014092712       04-23 21:41:06     6.43     9.05
         1               3     1   0.0001  True 2014092712 2014092712       04-23 21:42:40     7.19    11.66
         1               3     6   0.0001  True 2014092712 2014092712       04-23 21:43:47     5.87     7.02
         2               1     1   0.0001  True 2014092712 2014092712       04-23 21:44:18     6.82    12.99
         2               1     6   0.0001  True 2014092712 2014092712       04-23 21:45:42     6.58    10.94
         2               2     1   0.0001  True 2014092712 2014092712       04-23 21:46:07     6.96    10.83
         2               2     6   0.0001  True 2014092712 2014092712       04-23 21:48:01     8.01    12.63
         2               3     1   0.0001  True 2014092712 2014092712       04-23 21:48:23     6.49     9.74
         2               3     6   0.0001  True 2014092712 2014092712       04-23 21:49:47     5.44     7.46
         3               1     1   0.0001  True 2014092712 2014092712       04-23 21:50:19     6.73     9.76
         3               1     6   0.0001  True 2014092712 2014092712       04-23 21:51:58     6.56     8.95
         3               2     1   0.0001  True 2014092712 2014092712       04-23 21:52:16     6.89    10.90
         3               2     6   0.0001  True 2014092712 2014092712       04-23 21:53:25     6.95    10.87
         3               3     1   0.0001  True 2014092712 2014092712       04-23 21:54:14     6.59     9.97
         3               3     6   0.0001  True 2014092712 2014092712       04-23 21:57:40     5.92     7.65
         4               1     1   0.0001  True 2014092712 2014092712       04-23 21:58:02     6.99    10.52
         4               1     6   0.0001  True 2014092712 2014092712       04-23 21:59:47     5.90     8.27
         4               2     1   0.0001  True 2014092712 2014092712       04-23 22:00:37     7.67    10.92
         4               3     1   0.0001  True 2014092712 2014092712       04-23 22:01:08     6.37     9.23
         4               3     6   0.0001  True 2014092712 2014092712       04-23 22:03:08     5.55     6.81
         5               1     1   0.0001  True 2014092712 2014092712       04-23 22:04:30     6.77    11.78
         5               1     6   0.0001  True 2014092712 2014092712       04-23 22:05:57     6.52     9.37
         5               2     1   0.0001  True 2014092712 2014092712       04-23 22:07:07     7.22    12.48
         5               2     6   0.0001  True 2014092712 2014092712       04-23 22:08:17     6.75     9.94
         5               3     1   0.0001  True 2014092712 2014092712       04-23 22:08:58     6.17     9.16
         5               3     6   0.0001  True 2014092712 2014092712       04-23 22:12:29     5.45     6.29
         6               1     1   0.0001  True 2014092712 2014092712       04-23 22:12:56     7.02    10.88
         6               1     6   0.0001  True 2014092712 2014092712       04-23 22:14:34     6.78    11.30
         6               2     1   0.0001  True 2014092712 2014092712       04-23 22:15:34     7.09    10.29
         6               2     6   0.0001  True 2014092712 2014092712       04-23 22:19:25     6.08     8.93
         6               3     1   0.0001  True 2014092712 2014092712       04-23 22:19:59     6.29     8.36
         6               3     6   0.0001  True 2014092712 2014092712       04-23 22:20:45     5.44     6.34
         7               1     1   0.0001  True 2014092712 2014092712       04-23 22:21:39     6.98    10.28
         7               1     6   0.0001  True 2014092712 2014092712       04-23 22:22:17     6.50     8.66
         7               2     1   0.0001  True 2014092712 2014092712       04-23 22:23:07     7.71    12.23
         7               2     6   0.0001  True 2014092712 2014092712       04-23 22:24:17     6.66     9.61
         7               3     1   0.0001  True 2014092712 2014092712       04-23 22:25:43     6.53     9.43
         7               3     6   0.0001  True 2014092712 2014092712       04-23 22:26:49     5.30     6.75
