   att_lstm_num     att_lstm_seq_len    lstm_seq_len   flow_gate_len   neighbor_size start_time   end_time                 time     rmse     mape
              3                    7               7               2               1 2014092712 2014092712       04-24 05:05:23     8.25    17.04
              3                    7               7               2               2 2014092712 2014092712       04-24 05:38:29     8.24    14.93
              3                    7               7               2               3 2014092712 2014092712       04-24 05:56:53     6.08     9.19
              3                    3               2               2               1 2014092712 2014092712       04-28 10:05:46     8.99    20.13
              3                    3               2               2               2 2014092712 2014092712       04-28 10:32:35     7.77    12.01
              3                    3               2               2               3 2014092712 2014092712       04-28 11:09:45     5.59     7.47
              3                    3               3               2               1 2014092712 2014092712       04-28 11:54:24     7.93    18.12
              3                    3               3               2               2 2014092712 2014092712       04-28 12:16:31     9.77    19.28
              3                    3               3               2               3 2014092712 2014092712       04-28 13:17:31     6.24     8.59
              3                    3               4               2               1 2014092712 2014092712       04-28 14:03:21     8.22    18.16
              3                    3               4               2               2 2014092712 2014092712       04-28 15:11:49     7.75    12.49
              3                    3               4               2               3 2014092712 2014092712       04-28 15:47:29     6.34     9.63
              3                    3               5               2               1 2014092712 2014092712       04-28 16:04:16     8.25    17.40
              3                    3               5               2               2 2014092712 2014092712       04-28 16:22:16     7.95    14.21
              3                    3               5               2               3 2014092712 2014092712       04-28 16:51:51     6.07     9.17
              3                    3               6               2               1 2014092712 2014092712       04-28 17:07:03     8.97    18.35
              3                    3               6               2               2 2014092712 2014092712       04-28 17:44:37     6.93    11.42
              3                    3               6               2               3 2014092712 2014092712       04-28 18:09:33     6.16     8.79
