 len_local   neighbor_size  stack_convlstm       lr start_time   end_time                 time     rmse     mape
         1               1               1   0.0001 2014092712 2014092712       04-24 04:21:55     9.80    17.54
         1               1               6   0.0001 2014092712 2014092712       04-24 04:28:11     8.12    13.85
         1               2               1   0.0001 2014092712 2014092712       04-24 04:30:36     9.68    14.77
         1               2               6   0.0001 2014092712 2014092712       04-24 04:40:00     7.72    11.06
         1               3               1   0.0001 2014092712 2014092712       04-24 04:41:55     9.02    14.01
         1               3               6   0.0001 2014092712 2014092712       04-24 04:49:45     6.40     9.26
         2               1               1   0.0001 2014092712 2014092712       04-24 04:53:28     8.07    14.70
         2               1               6   0.0001 2014092712 2014092712       04-24 05:01:28     8.86    14.21
         2               2               1   0.0001 2014092712 2014092712       04-24 05:04:29     8.93    13.29
         2               2               6   0.0001 2014092712 2014092712       04-24 05:16:03     7.22    10.96
         2               3               1   0.0001 2014092712 2014092712       04-24 05:19:15     8.10    11.19
         2               3               6   0.0001 2014092712 2014092712       04-24 05:28:22     6.35     8.89
         3               1               1   0.0001 2014092712 2014092712       04-24 05:33:23     7.81    10.94
         3               1               6   0.0001 2014092712 2014092712       04-24 05:38:42     9.18    14.56
         3               2               1   0.0001 2014092712 2014092712       04-24 05:42:06     9.29    13.55
         3               2               6   0.0001 2014092712 2014092712       04-24 05:56:58     8.21    14.27
         3               3               1   0.0001 2014092712 2014092712       04-24 06:00:10     8.90    11.45
         3               3               6   0.0001 2014092712 2014092712       04-24 06:09:16     7.25     8.95
         4               1               1   0.0001 2014092712 2014092712       04-24 06:14:13     8.97    11.56
         4               1               6   0.0001 2014092712 2014092712       04-24 06:30:58     7.14     9.49
         4               2               1   0.0001 2014092712 2014092712       04-24 06:35:50     8.46    12.09
         4               2               6   0.0001 2014092712 2014092712       04-24 06:44:01     7.63     9.96
         4               3               1   0.0001 2014092712 2014092712       04-24 06:49:22     7.80     9.60
         4               3               6   0.0001 2014092712 2014092712       04-24 07:04:39     6.42     7.51
         5               1               1   0.0001 2014092712 2014092712       04-24 07:14:48     7.53    14.58
         5               1               6   0.0001 2014092712 2014092712       04-24 07:22:40     8.72    19.33
         5               2               1   0.0001 2014092712 2014092712       04-24 07:29:05     8.29    12.95
         5               2               6   0.0001 2014092712 2014092712       04-24 07:42:59     7.91    11.81
         5               3               1   0.0001 2014092712 2014092712       04-24 07:51:10     6.81     9.64
         5               3               6   0.0001 2014092712 2014092712       04-24 08:01:46     7.29     8.93
         6               1               1   0.0001 2014092712 2014092712       04-24 08:08:27     8.10    12.24
         6               1               6   0.0001 2014092712 2014092712       04-24 08:24:44     8.34    14.36
         6               2               1   0.0001 2014092712 2014092712       04-24 08:31:29     8.16    10.82
         6               2               6   0.0001 2014092712 2014092712       04-24 08:51:32     7.67    11.20
         6               3               1   0.0001 2014092712 2014092712       04-24 09:03:06     6.65     9.44
         6               3               6   0.0001 2014092712 2014092712       04-24 09:19:59     7.37     9.94
         7               1               1   0.0001 2014092712 2014092712       04-24 09:25:36     9.21    12.49
         7               1               6   0.0001 2014092712 2014092712       04-24 09:47:53     8.24    11.71
         7               2               1   0.0001 2014092712 2014092712       04-24 09:58:35     8.75    12.16
         7               2               6   0.0001 2014092712 2014092712       04-24 10:35:59     7.77    12.70
         7               3               1   0.0001 2014092712 2014092712       04-24 10:48:33     7.39    11.11
         7               3               6   0.0001 2014092712 2014092712       04-24 11:20:11     5.85     8.11
