 len_local   neighbor_size  stack_convlstm       lr start_time   end_time                 time     rmse     mape
         1               1               1   0.0001 2016040718 2016040718       04-23 21:00:34    19.85     8.53
         1               1               6   0.0001 2016040718 2016040718       04-23 21:05:39    20.94     5.92
         1               2               1   0.0001 2016040718 2016040718       04-23 21:10:20    20.90    12.38
         1               2               6   0.0001 2016040718 2016040718       04-23 21:18:06    21.54    14.47
         1               3               1   0.0001 2016040718 2016040718       04-23 21:21:08    22.13    11.03
         1               3               6   0.0001 2016040718 2016040718       04-23 21:30:54    21.68    10.70
         2               1               1   0.0001 2016040718 2016040718       04-23 21:31:45    19.61     5.76
         2               1               6   0.0001 2016040718 2016040718       04-23 21:38:55    23.03     7.06
         2               2               1   0.0001 2016040718 2016040718       04-23 21:41:12    21.22     9.86
         2               2               6   0.0001 2016040718 2016040718       04-23 21:48:17    25.19    13.35
         2               3               1   0.0001 2016040718 2016040718       04-23 21:53:17    21.85    16.65
         2               3               6   0.0001 2016040718 2016040718       04-23 21:58:48    21.86    13.41
         3               1               1   0.0001 2016040718 2016040718       04-23 21:59:55    19.73     5.54
         3               1               6   0.0001 2016040718 2016040718       04-23 22:09:16    19.69     5.83
         3               2               1   0.0001 2016040718 2016040718       04-23 22:13:55    21.45    15.28
         3               2               6   0.0001 2016040718 2016040718       04-23 22:20:18    23.77    20.69
         3               3               1   0.0001 2016040718 2016040718       04-23 22:23:25    21.77    10.28
         3               3               6   0.0001 2016040718 2016040718       04-23 22:31:37    21.22     8.50
         4               1               1   0.0001 2016040718 2016040718       04-23 22:32:58    19.68    14.63
         4               1               6   0.0001 2016040718 2016040718       04-23 22:43:55    19.99     9.77
         4               2               1   0.0001 2016040718 2016040718       04-23 22:45:32    25.10    12.61
         4               2               6   0.0001 2016040718 2016040718       04-23 23:02:03    23.32    19.43
         4               3               1   0.0001 2016040718 2016040718       04-23 23:11:33    24.42    16.25
         4               3               6   0.0001 2016040718 2016040718       04-23 23:27:25    26.07    13.77
         5               1               1   0.0001 2016040718 2016040718       04-23 23:35:16    20.40     6.81
         5               1               6   0.0001 2016040718 2016040718       04-23 23:44:56    30.89     9.19
         5               2               1   0.0001 2016040718 2016040718       04-23 23:49:43    25.32    16.40
         5               2               6   0.0001 2016040718 2016040718       04-24 00:01:32    29.97    11.14
         5               3               1   0.0001 2016040718 2016040718       04-24 00:10:47    23.19    11.78
         5               3               6   0.0001 2016040718 2016040718       04-24 00:29:47    27.30    13.02
         6               1               1   0.0001 2016040718 2016040718       04-24 00:44:06    19.51     5.80
         6               1               6   0.0001 2016040718 2016040718       04-24 01:10:32    24.57     6.27
         6               2               1   0.0001 2016040718 2016040718       04-24 01:26:52    21.45    11.78
         6               2               6   0.0001 2016040718 2016040718       04-24 01:58:32    25.67    12.62
         6               3               1   0.0001 2016040718 2016040718       04-24 02:11:57    22.00    19.07
         6               3               6   0.0001 2016040718 2016040718       04-24 02:36:45    25.65    22.87
         7               1               1   0.0001 2016040718 2016040718       04-24 02:48:53    19.83     5.98
         7               1               6   0.0001 2016040718 2016040718       04-24 03:09:32    24.29     6.90
         7               2               1   0.0001 2016040718 2016040718       04-24 03:18:44    21.24     7.91
         7               2               6   0.0001 2016040718 2016040718       04-24 03:36:37    23.18     8.13
         7               3               1   0.0001 2016040718 2016040718       04-24 03:45:25    23.59    14.41
         7               3               6   0.0001 2016040718 2016040718       04-24 04:19:17    24.82    14.65
