   att_lstm_num     att_lstm_seq_len    lstm_seq_len   flow_gate_len   neighbor_size start_time   end_time                 time     rmse     mape
              3                    7               7               2               1 2016040718 2016040718       04-23 23:13:02    19.41     6.08
              3                    7               7               2               2 2016040718 2016040718       04-24 01:52:14    19.60    13.37
              3                    7               7               2               3 2016040718 2016040718       04-24 04:35:34    24.06    12.89
              3                    3               2               2               1 2016040718 2016040718       04-26 19:31:21    17.40     6.72
              3                    3               2               2               2 2016040718 2016040718       04-26 22:41:00    27.33    15.15
              3                    3               2               2               3 2016040718 2016040718       04-27 03:45:38    22.54    12.71
              3                    3               3               2               1 2016040718 2016040718       04-27 05:52:11    24.95     8.66
              3                    3               3               2               2 2016040718 2016040718       04-27 07:38:26    22.67    15.93
              3                    3               3               2               3 2016040718 2016040718       04-27 10:03:35    25.63    14.27
              3                    3               4               2               1 2016040718 2016040718       04-27 11:41:35    19.44     7.04
              3                    3               4               2               2 2016040718 2016040718       04-27 13:23:39    25.31    17.03
              3                    3               4               2               3 2016040718 2016040718       04-27 15:33:14    24.19    14.28
              3                    3               5               2               1 2016040718 2016040718       04-27 17:14:16    19.59     6.30
              3                    3               5               2               2 2016040718 2016040718       04-27 19:19:14    20.12    13.40
              3                    3               5               2               3 2016040718 2016040718       04-27 21:32:49    23.26    13.89
              3                    3               6               2               1 2016040718 2016040718       04-27 23:22:59    20.50     7.87
              3                    3               6               2               2 2016040718 2016040718       04-28 03:48:12    20.08    13.60
              3                    3               6               2               3 2016040718 2016040718       04-28 06:58:00    24.51    14.43
              3                    3               7               2               1 2016040718 2016040718       04-30 12:32:25    19.18     6.28
              3                    3               7               2               2 2016040718 2016040718       04-30 14:43:29    21.53    13.68
              3                    3               7               2               3 2016040718 2016040718       04-30 17:11:01    24.83    13.24
              3                    5               2               2               1 2016040718 2016040718       04-30 19:12:39    17.82     6.63
              3                    5               2               2               2 2016040718 2016040718       04-30 21:39:38    19.53    12.70
              3                    5               2               2               3 2016040718 2016040718       05-01 00:23:25    22.49    13.57
              3                    5               3               2               1 2016040718 2016040718       05-01 02:20:53    19.50     5.65
              3                    5               3               2               2 2016040718 2016040718       05-01 04:19:29    22.39    15.75
              3                    5               3               2               3 2016040718 2016040718       05-01 07:01:03    23.59    13.45
              3                    5               4               2               1 2016040718 2016040718       05-01 08:47:41    23.48     6.72
              3                    5               4               2               2 2016040718 2016040718       05-01 10:55:55    21.92    13.61
              3                    5               4               2               3 2016040718 2016040718       05-01 13:53:58    23.86    12.71
              3                    5               5               2               1 2016040718 2016040718       05-01 15:48:41    25.08     7.85
              3                    5               5               2               2 2016040718 2016040718       05-01 18:37:53    20.00    13.49
              3                    5               5               2               3 2016040718 2016040718       05-01 20:46:11    28.68    14.60
              3                    5               6               2               1 2016040718 2016040718       05-01 22:56:40    18.92     7.30
              3                    5               6               2               2 2016040718 2016040718       05-02 01:21:11    20.30    12.87
              3                    5               6               2               3 2016040718 2016040718       05-02 04:22:05    22.80    13.48
              3                    5               7               2               1 2016040718 2016040718       05-02 06:14:09    19.09     6.31
              3                    5               7               2               2 2016040718 2016040718       05-02 08:36:56    23.07    13.71
              3                    5               7               2               3 2016040718 2016040718       05-02 12:01:08    23.63    13.39
              3                    7               2               2               1 2016040718 2016040718       05-02 13:59:59    19.91     6.73
